Run #4	Run #4	Run #4	Run #4	Run #5	Run #5	Run #5	Run #5	Run #7	Run #7	Run #7	Run #7	Run #8	Run #8	Run #8	Run #8	Run #9	Run #9	Run #9	Run #9	Run #10	Run #10	Run #10	Run #10	Run #11	Run #11	Run #11	Run #11	Run #12	Run #12	Run #12	Run #12	Run #13	Run #13	Run #13	Run #13	Run #14	Run #14	Run #14	Run #14	Run #15	Run #15	Run #15	Run #15	Run #16	Run #16	Run #16	Run #16	Run #17	Run #17	Run #17	Run #17	Run #18	Run #18	Run #18	Run #18
Time (s)	Position (m)	Velocity (m/s)	Acceleration (m/s²)	Time (s)	Position (m)	Velocity (m/s)	Acceleration (m/s²)	Time (s)	Position (m)	Velocity (m/s)	Acceleration (m/s²)	Time (s)	Position (m)	Velocity (m/s)	Acceleration (m/s²)	Time (s)	Position (m)	Velocity (m/s)	Acceleration (m/s²)	Time (s)	Position (m)	Velocity (m/s)	Acceleration (m/s²)	Time (s)	Position (m)	Velocity (m/s)	Acceleration (m/s²)	Time (s)	Position (m)	Velocity (m/s)	Acceleration (m/s²)	Time (s)	Position (m)	Velocity (m/s)	Acceleration (m/s²)	Time (s)	Position (m)	Velocity (m/s)	Acceleration (m/s²)	Time (s)	Position (m)	Velocity (m/s)	Acceleration (m/s²)	Time (s)	Position (m)	Velocity (m/s)	Acceleration (m/s²)	Time (s)	Position (m)	Velocity (m/s)	Acceleration (m/s²)	Time (s)	Position (m)	Velocity (m/s)	Acceleration (m/s²)
0.000	1.398			0.000	1.398			0.000	0.245			0.000	0.249			0.000	0.213			0.000	0.243			0.000	0.231			0.000	0.153			0.000	0.204			0.000	0.204			0.000	0.186			0.000	0.199			0.000	0.167			0.000	0.152		
0.025	1.397	-0.02		0.025	1.397	0.00		0.025	0.245	0.00		0.025	0.248	-0.01		0.025	0.213	0.00		0.025	0.243	-0.01		0.025	0.231	-0.01		0.025	0.153	-0.02		0.025	0.204	0.01		0.025	0.204	-0.01		0.025	0.186	-0.01		0.025	0.199	-0.01		0.025	0.167	0.01		0.025	0.152	-0.01	
0.050	1.397	-5.59E-4	0.5	0.050	1.397	0.00	0.0	0.050	0.245	0.00	-2.2E-14	0.050	0.248	-0.01	-0.1	0.050	0.214	0.01	-0.1	0.050	0.243	-0.01	-0.1	0.050	0.230	-0.01	0.1	0.050	0.152	0.00	0.4	0.050	0.204	0.02	0.1	0.050	0.204	-0.01	0.0	0.050	0.186	-0.01	2.2E-14	0.050	0.199	-0.01	0.1	0.050	0.168	0.02	0.2	0.050	0.152	-0.01	-0.1
0.075	1.397	0.00	0.0	0.075	1.397	0.00	-0.2	0.075	0.245	0.00	0.0	0.075	0.248	-0.02	0.1	0.075	0.214	8.55E-5	-0.2	0.075	0.242	-0.01	0.1	0.075	0.230	-0.01	-0.1	0.075	0.153	0.00	-0.4	0.075	0.205	0.02	-1.1E-14	0.075	0.203	-0.01	0.1	0.075	0.186	-0.01	0.0	0.075	0.199	-0.01	0.0	0.075	0.168	0.02	1.1E-14	0.075	0.152	-0.01	-0.1
0.100	1.398	0.00	-0.2	0.100	1.397	-0.01	0.0	0.100	0.244	0.00	0.1	0.100	0.247	-0.01	0.2	0.100	0.214	0.00	-0.1	0.100	0.242	-0.01	0.1	0.100	0.230	-0.01	-0.2	0.100	0.152	-0.02	-0.5	0.100	0.205	0.02	0.0	0.100	0.203	0.00	0.1	0.100	0.186	-0.01	-0.1	0.100	0.198	-0.01	0.1	0.100	0.169	0.02	0.0	0.100	0.151	-0.01	0.1
0.125	1.398	-0.01	-0.1	0.125	1.397	0.00	0.1	0.125	0.244	9.78E-5	0.0	0.125	0.247	-0.01	0.0	0.125	0.213	-0.01	-0.1	0.125	0.242	0.00	0.0	0.125	0.230	-0.02	-0.1	0.125	0.152	-0.02	0.0	0.125	0.206	0.02	-0.1	0.125	0.203	1.63E-4	-0.1	0.125	0.185	-0.01	-0.1	0.125	0.198	0.00	0.1	0.125	0.169	0.02	0.1	0.125	0.151	-0.01	0.1
0.150	1.397	0.00	0.1	0.150	1.397	-5.59E-4	0.1	0.150	0.244	0.00	-0.2	0.150	0.247	-0.01	-0.1	0.150	0.213	-0.01	-0.2	0.150	0.242	-0.01	-0.1	0.150	0.229	-0.02	-0.1	0.150	0.151	-0.02	0.1	0.150	0.206	0.01	-0.2	0.150	0.203	-0.01	-0.2	0.150	0.185	-0.01	-0.1	0.150	0.198	0.00	0.1	0.150	0.169	0.02	0.1	0.150	0.151	-0.01	0.1
0.175	1.397	-5.59E-4	0.1	0.175	1.397	0.00	0.2	0.175	0.244	-0.01	-0.1	0.175	0.246	-0.01	-0.1	0.175	0.213	-0.02	-0.1	0.175	0.242	-0.01	0.0	0.175	0.229	-0.02	0.0	0.175	0.151	-0.02	-0.1	0.175	0.206	0.01	-0.3	0.175	0.203	-0.01	0.0	0.175	0.185	-0.01	-0.1	0.175	0.198	0.00	0.0	0.175	0.170	0.02	-0.1	0.175	0.151	-0.01	0.1
0.200	1.397	0.00	0.1	0.200	1.397	0.01	0.0	0.200	0.244	-0.01	-0.1	0.200	0.246	-0.01	0.0	0.200	0.212	-0.02	0.1	0.200	0.241	-0.01	-0.1	0.200	0.228	-0.02	-0.1	0.200	0.151	-0.02	0.1	0.200	0.206	0.00	-0.2	0.200	0.203	-0.01	0.1	0.200	0.184	-0.02	-0.3	0.200	0.198	0.00	0.0	0.200	0.170	0.02	-0.1	0.200	0.150	0.00	0.2
0.225	1.397	0.00	0.0	0.225	1.397	0.00	-0.1	0.225	0.244	-0.01	-0.3	0.225	0.246	-0.01	-0.1	0.225	0.212	-0.01	-0.1	0.225	0.241	-0.01	-0.2	0.225	0.228	-0.02	-0.1	0.225	0.150	-0.01	0.3	0.225	0.206	0.00	0.0	0.225	0.203	0.00	0.1	0.225	0.184	-0.03	-0.2	0.225	0.198	1.59E-4	-0.1	0.225	0.171	0.01	-0.2	0.225	0.150	0.00	0.1
0.250	1.397	0.00	-0.1	0.250	1.397	0.00	-0.2	0.250	0.243	-0.02	0.1	0.250	0.245	-0.02	-0.3	0.250	0.212	-0.02	-0.4	0.250	0.241	-0.02	-0.1	0.250	0.227	-0.03	0.7	0.250	0.150	-0.01	0.1	0.250	0.206	0.00	-0.1	0.250	0.203	0.00	1.1E-14	0.250	0.183	-0.03	-0.3	0.250	0.198	-0.01	-0.4	0.250	0.171	0.01	-0.3	0.250	0.151	0.00	-0.1
0.275	1.398	5.59E-4	-0.1	0.275	1.397	-0.01	70.7	0.275	0.243	-0.01	2.2	0.275	0.245	-0.03	-0.4	0.275	0.211	-0.04	0.9	0.275	0.240	-0.02	1.9	0.275	0.226	0.01	3.7	0.275	0.150	-0.01	-0.1	0.275	0.206	-0.01	-0.3	0.275	0.203	0.00	0.0	0.275	0.182	-0.04	-0.6	0.275	0.198	-0.02	-0.6	0.275	0.171	0.00	-0.5	0.275	0.151	0.00	-0.3
0.300	1.397	0.00	-0.1	0.300	1.397	3.54	-386.1	0.300	0.243	0.09	5.8	0.300	0.244	-0.04	0.1	0.300	0.210	0.02	4.7	0.300	0.240	0.08	6.0	0.300	0.228	0.16	7.6	0.300	0.149	-0.01	-0.1	0.300	0.206	-0.02	-0.3	0.300	0.202	0.00	-0.1	0.300	0.181	-0.06	0.3	0.300	0.197	-0.03	-0.5	0.300	0.171	-0.02	-0.7	0.300	0.151	-0.01	-0.2
0.325	1.398	0.00	0.0	0.325	1.574	-19.31	-545.2	0.325	0.247	0.28	8.5	0.325	0.243	-0.03	2.0	0.325	0.212	0.20	8.3	0.325	0.244	0.28	8.9	0.325	0.234	0.39	9.4	0.325	0.149	-0.01	0.0	0.325	0.205	-0.02	-0.3	0.325	0.202	-0.01	-0.3	0.325	0.179	-0.03	3.5	0.325	0.196	-0.04	-0.3	0.325	0.170	-0.04	-0.6	0.325	0.150	-0.01	-0.3
0.350	1.397	0.00	0.1	0.350	0.431	-23.72	344.8	0.350	0.257	0.51	9.7	0.350	0.243	0.06	5.6	0.350	0.220	0.43	9.5	0.350	0.254	0.52	9.7	0.350	0.247	0.63	9.7	0.350	0.149	-0.01	0.0	0.350	0.205	-0.03	-0.2	0.350	0.202	-0.02	-0.3	0.350	0.179	0.12	7.4	0.350	0.195	-0.05	-0.3	0.350	0.169	-0.05	-0.2	0.350	0.150	-0.02	-0.6
0.375	1.397	0.00	0.2	0.375	0.388	-2.07	440.4	0.375	0.273	0.76	9.7	0.375	0.246	0.25	8.5	0.375	0.234	0.67	9.5	0.375	0.270	0.77	9.8	0.375	0.266	0.87	9.8	0.375	0.148	-0.01	3.1E-16	0.375	0.204	-0.03	-0.1	0.375	0.201	-0.02	0.2	0.375	0.185	0.34	9.4	0.375	0.194	-0.06	-0.3	0.375	0.168	-0.05	0.3	0.375	0.149	-0.04	-0.5
0.400	1.397	0.01	0.1	0.400	0.328	-1.71	26.4	0.400	0.295	1.00	9.5	0.400	0.255	0.49	9.6	0.400	0.253	0.91	9.6	0.400	0.293	1.01	9.7	0.400	0.291	1.12	9.5	0.400	0.148	-0.01	0.0	0.400	0.203	-0.04	-0.3	0.400	0.201	-0.01	1.9	0.400	0.197	0.58	9.7	0.400	0.192	-0.07	-0.3	0.400	0.167	-0.03	1.3	0.400	0.148	-0.05	0.0
0.425	1.398	0.01	-0.2	0.425	0.303	-0.75	26.7	0.425	0.323	1.24	9.5	0.425	0.270	0.73	9.6	0.425	0.279	1.15	9.5	0.425	0.321	1.25	10.1	0.425	0.321	1.35	9.4	0.425	0.148	-0.01	-0.1	0.425	0.202	-0.05	-0.5	0.425	0.201	0.07	5.0	0.425	0.214	0.82	9.5	0.425	0.190	-0.07	0.1	0.425	0.166	0.02	2.9	0.425	0.147	-0.04	0.2
0.450	1.398	0.00	-0.3	0.450	0.290	-0.37	10.8	0.450	0.357	1.48	9.4	0.450	0.292	0.97	9.5	0.450	0.311	1.39	9.6	0.450	0.355	1.52	9.1	0.450	0.358	1.59	9.3	0.450	0.147	-0.02	0.0	0.450	0.200	-0.06	-0.4	0.450	0.204	0.24	8.1	0.450	0.238	1.06	9.4	0.450	0.189	-0.06	1.6	0.450	0.168	0.11	4.6	0.450	0.146	-0.04	0.1
0.475	1.397	-0.01	0.0	0.475	0.284	-0.21	4.5	0.475	0.396	1.71	9.4	0.475	0.319	1.21	10.0	0.475	0.348	1.63	9.6	0.475	0.397	1.71	8.0	0.475	0.401	1.82	9.6	0.475	0.147	-0.01	1.1	0.475	0.199	-0.07	1.0	0.475	0.213	0.47	9.5	0.475	0.267	1.29	9.5	0.475	0.187	0.01	4.9	0.475	0.172	0.25	6.1	0.475	0.145	-0.04	0.3
0.500	1.398	0.00	0.1	0.500	0.280	-0.14	2.7	0.500	0.442	1.95	9.7	0.500	0.352	1.47	9.5	0.500	0.392	1.86	9.5	0.500	0.441	1.92	10.1	0.500	0.449	2.07	9.9	0.500	0.147	0.04	4.5	0.500	0.197	-0.01	4.3	0.500	0.228	0.72	9.6	0.500	0.302	1.53	9.9	0.500	0.189	0.18	8.4	0.500	0.180	0.42	7.8	0.500	0.144	-0.02	0.6
0.525	1.397	0.00	0.2	0.525	0.277	-0.08	1.8	0.525	0.494	2.19	9.7	0.525	0.392	1.68	8.7	0.525	0.441	2.10	9.7	0.525	0.493	2.21	11.2	0.525	0.504	2.31	9.6	0.525	0.149	0.21	8.4	0.525	0.198	0.15	7.9	0.525	0.249	0.95	9.4	0.525	0.344	1.79	9.5	0.525	0.196	0.43	9.9	0.525	0.193	0.64	9.0	0.525	0.143	-0.01	0.5
0.550	1.397	0.01	0.2	0.550	0.276	-0.05	0.2	0.550	0.552	2.43	9.4	0.550	0.436	1.90	10.0	0.550	0.497	2.35	9.5	0.550	0.551	2.48	12.2	0.550	0.565	2.55	9.4	0.550	0.157	0.46	9.7	0.550	0.205	0.38	9.4	0.550	0.276	1.19	9.5	0.550	0.392	2.01	9.1	0.550	0.210	0.68	9.5	0.550	0.212	0.87	9.6	0.550	0.143	-5.74E-5	0.2
0.575	1.398	0.01	-0.1	0.575	0.274	-0.07	-0.6	0.575	0.615	2.66	9.5	0.575	0.487	2.18	9.9	0.575	0.559	2.58	9.9	0.575	0.617	2.82	24.3	0.575	0.631	2.78	10.5	0.575	0.172	0.70	9.4	0.575	0.217	0.62	9.6	0.575	0.308	1.43	9.6	0.575	0.444	2.24	9.6	0.575	0.230	0.90	9.1	0.575	0.237	1.11	9.7	0.575	0.143	0.00	0.3
0.600	1.398	0.00	-0.4	0.600	0.272	-0.08	0.3	0.600	0.685	2.90	9.6	0.600	0.545	2.40	8.8	0.600	0.626	2.84	10.7	0.600	0.692	3.70	5.9	0.600	0.704	3.07	9.5	0.600	0.192	0.93	9.3	0.600	0.235	0.86	9.6	0.600	0.347	1.67	9.7	0.600	0.504	2.49	9.7	0.600	0.255	1.13	9.4	0.600	0.268	1.36	9.6	0.600	0.144	0.02	0.6
0.625	1.398	-0.01	-0.1	0.625	0.270	-0.06	0.9	0.625	0.760	3.15	9.9	0.625	0.607	2.62	10.1	0.625	0.701	3.12	9.4	0.625	0.802	3.12	-20.3	0.625	0.785	3.26	7.5	0.625	0.218	1.16	9.5	0.625	0.260	1.10	9.5	0.625	0.392	1.91	9.5	0.625	0.569	2.73	10.5	0.625	0.287	1.37	9.7	0.625	0.304	1.59	9.5	0.625	0.144	0.03	0.3
0.650	1.397	0.00	0.2	0.650	0.270	-0.03	0.6	0.650	0.842	3.39	10.4	0.650	0.676	2.90	9.8	0.650	0.782	3.31	8.2	0.650	0.848	2.68	10.3	0.650	0.867	3.45	10.7	0.650	0.250	1.40	9.7	0.650	0.290	1.33	9.5	0.650	0.443	2.15	9.5	0.650	0.640	3.02	10.7	0.650	0.324	1.61	9.4	0.650	0.347	1.83	9.5	0.650	0.145	0.03	0.0
0.675	1.398	0.00	0.1	0.675	0.269	-0.03	0.3	0.675	0.930	3.67	16.2	0.675	0.753	3.11	8.1	0.675	0.866	3.53	9.6	0.675	0.936	3.63	30.0	0.675	0.957	3.79	20.6	0.675	0.288	1.65	9.9	0.675	0.327	1.57	9.2	0.675	0.499	2.39	9.5	0.675	0.720	3.26	8.5	0.675	0.367	1.84	9.4	0.675	0.396	2.07	9.6	0.675	0.146	0.03	0.2
0.700	1.397	0.00	0.0	0.700	0.268	-0.02	0.5	0.700	1.025	4.20	-27.3	0.700	0.831	3.31	9.7	0.700	0.958	3.79	20.1	0.700	1.030	4.18	-27.3	0.700	1.056	4.48	-53.3	0.700	0.332	1.90	9.5	0.700	0.369	1.80	9.3	0.700	0.562	2.62	10.6	0.700	0.803	3.44	8.5	0.700	0.416	2.08	9.8	0.700	0.451	2.31	9.8	0.700	0.147	0.04	2.3
0.725	1.398	-5.59E-4	0.1	0.725	0.268	0.00	0.5	0.725	1.140	2.30	-117.5	0.725	0.918	3.59	15.9	0.725	1.056	4.53	-51.7	0.725	1.145	2.27	-118.0	0.725	1.181	1.12	-150.1	0.725	0.383	2.12	9.2	0.725	0.416	2.04	9.8	0.725	0.630	2.91	10.9	0.725	0.892	3.69	12.3	0.725	0.471	2.33	9.8	0.725	0.511	2.56	9.7	0.725	0.148	0.15	6.2
0.750	1.397	0.00	-0.1	0.750	0.268	0.01	0.2	0.750	1.140	-1.67	-110.3	0.750	1.011	4.10	-15.5	0.750	1.185	1.20	-151.8	0.750	1.143	-1.72	-110.5	0.750	1.112	-3.03	-86.2	0.750	0.438	2.36	9.7	0.750	0.471	2.29	9.7	0.750	0.708	3.17	7.5	0.750	0.988	4.06	2.0	0.750	0.533	2.57	9.5	0.750	0.578	2.79	10.5	0.750	0.154	0.35	8.8
0.775	1.398	0.00	-0.2	0.775	0.268	0.01	0.1	0.775	1.057	-3.22	-26.7	0.775	1.123	2.82	-104.5	0.775	1.116	-3.06	-88.6	0.775	1.059	-3.26	-26.1	0.775	1.030	-3.19	1.7	0.775	0.501	2.61	11.2	0.775	0.531	2.52	10.3	0.775	0.789	3.29	6.9	0.775	1.095	3.79	-84.5	0.775	0.600	2.81	10.4	0.775	0.651	3.08	10.5	0.775	0.166	0.59	9.6
0.800	1.397	-0.01	0.3	0.800	0.268	0.01	0.3	0.800	0.980	-3.00	9.0	0.800	1.151	-1.12	-121.7	0.800	1.032	-3.23	1.1	0.800	0.980	-3.02	10.1	0.800	0.953	-2.95	10.1	0.800	0.569	2.92	11.0	0.800	0.596	2.80	10.9	0.800	0.872	3.51	11.5	0.800	1.177	-0.17	-145.0	0.800	0.673	3.09	9.4	0.800	0.733	3.32	8.4	0.800	0.184	0.84	9.8
0.825	1.397	0.01	0.4	0.825	0.269	0.02	0.1	0.825	0.907	-2.77	11.5	0.825	1.067	-3.27	-37.5	0.825	0.955	-3.00	10.5	0.825	0.908	-2.75	11.4	0.825	0.883	-2.68	9.9	0.825	0.646	3.16	8.8	0.825	0.671	3.06	8.5	0.825	0.964	3.87	18.3	0.825	1.086	-3.46	-60.1	0.825	0.755	3.28	8.3	0.825	0.817	3.50	8.5	0.825	0.207	1.08	9.7
0.850	1.398	0.02	-0.2	0.850	0.269	0.02	-0.2	0.850	0.841	-2.43	11.0	0.850	0.988	-3.00	11.0	0.850	0.882	-2.70	11.0	0.850	0.843	-2.45	10.4	0.850	0.819	-2.45	8.8	0.850	0.727	3.36	8.6	0.850	0.750	3.23	7.8	0.850	1.066	4.43	-62.3	0.850	1.004	-3.17	10.9	0.850	0.837	3.51	10.8	0.850	0.908	3.75	13.9	0.850	0.238	1.32	9.7
0.875	1.398	0.00	-0.6	0.875	0.270	0.01	-0.2	0.875	0.785	-2.21	7.9	0.875	0.917	-2.72	10.7	0.875	0.820	-2.45	8.6	0.875	0.785	-2.23	8.5	0.875	0.760	-2.24	9.3	0.875	0.814	3.58	9.1	0.875	0.832	3.45	9.8	0.875	1.186	0.76	-154.0	0.875	0.928	-2.92	10.3	0.875	0.930	3.82	17.2	0.875	1.005	4.20	-13.9	0.875	0.273	1.57	9.7
0.900	1.398	-0.01	-0.3	0.900	0.270	0.01	0.1	0.900	0.731	-2.03	9.0	0.900	0.852	-2.46	9.7	0.900	0.759	-2.27	9.1	0.900	0.731	-2.03	8.9	0.900	0.707	-1.99	10.3	0.900	0.906	3.81	13.0	0.900	0.922	3.72	15.4	0.900	1.103	-3.28	-78.5	0.900	0.858	-2.65	9.9	0.900	1.028	4.37	-32.9	0.900	1.118	3.05	-103.1	0.900	0.316	1.81	9.2
0.925	1.398	-0.01	0.2	0.925	0.270	0.01	0.2	0.925	0.684	-1.76	10.2	0.925	0.794	-2.23	9.1	0.925	0.706	-2.00	10.4	0.925	0.684	-1.78	9.1	0.925	0.661	-1.73	10.0	0.925	1.005	4.23	-14.5	0.925	1.018	4.22	-23.1	0.925	1.022	-3.17	7.0	0.925	0.795	-2.42	9.0	0.925	1.148	2.17	-126.7	0.925	1.157	-0.96	-128.6	0.925	0.364	2.03	9.2
0.950	1.397	-0.01	0.4	0.950	0.271	0.01	-0.3	0.950	0.642	-1.52	9.8	0.950	0.741	-2.01	9.3	0.950	0.659	-1.75	9.8	0.950	0.642	-1.58	9.0	0.950	0.621	-1.49	9.7	0.950	1.117	3.09	-103.1	0.950	1.133	2.56	-113.1	0.950	0.945	-2.92	11.1	0.950	0.737	-2.20	8.4	0.950	1.136	-1.97	-109.7	0.950	1.069	-3.38	-44.0	0.950	0.417	2.27	9.8
0.975	1.397	0.01	0.2	0.975	0.271	3.25E-4	-0.5	0.975	0.607	-1.27	10.0	0.975	0.693	-1.76	9.8	0.975	0.619	-1.51	9.7	0.975	0.605	-1.33	10.6	0.975	0.587	-1.24	9.8	0.975	1.160	-0.92	-131.0	0.975	1.146	-1.43	-116.3	0.975	0.876	-2.61	10.7	0.975	0.685	-2.00	8.9	0.975	1.050	-3.31	-21.5	0.975	0.988	-3.16	9.1	0.975	0.477	2.52	9.8
1.000	1.397	0.01	0.1	1.000	0.271	-0.01	-0.3	1.000	0.579	-1.03	9.8	1.000	0.653	-1.51	9.8	1.000	0.584	-1.26	9.8	1.000	0.576	-1.05	10.6	1.000	0.558	-1.00	9.8	1.000	1.071	-3.46	-45.8	1.000	1.062	-3.25	-31.2	1.000	0.814	-2.39	8.6	1.000	0.637	-1.76	10.4	1.000	0.971	-3.04	10.8	1.000	0.911	-2.92	10.6	1.000	0.543	2.76	10.0
1.025	1.398	0.01	0.0	1.025	0.270	-0.02	-0.4	1.025	0.556	-0.78	9.7	1.025	0.618	-1.27	9.7	1.025	0.555	-1.02	9.6	1.025	0.553	-0.80	9.7	1.025	0.537	-0.75	9.6	1.025	0.987	-3.21	10.0	1.025	0.984	-2.99	10.1	1.025	0.756	-2.18	9.4	1.025	0.597	-1.48	10.4	1.025	0.898	-2.77	10.2	1.025	0.842	-2.63	10.8	1.025	0.615	3.02	10.9
1.050	1.398	0.01	-0.4	1.050	0.270	-0.03	-0.5	1.050	0.540	-0.54	9.5	1.050	0.589	-1.03	9.7	1.050	0.533	-0.78	9.5	1.050	0.536	-0.56	9.6	1.050	0.521	-0.52	9.5	1.050	0.911	-2.96	10.8	1.050	0.912	-2.75	10.1	1.050	0.705	-1.92	10.0	1.050	0.564	-1.23	9.7	1.050	0.832	-2.54	9.0	1.050	0.780	-2.38	9.6	1.050	0.694	3.30	9.6
1.075	1.398	-0.01	-0.4	1.075	0.269	-0.04	-0.2	1.075	0.529	-0.31	9.4	1.075	0.566	-0.79	9.4	1.075	0.516	-0.54	9.7	1.075	0.525	-0.32	9.5	1.075	0.511	-0.28	9.6	1.075	0.839	-2.67	10.7	1.075	0.846	-2.49	9.8	1.075	0.660	-1.68	9.6	1.075	0.536	-0.99	9.7	1.075	0.771	-2.32	9.4	1.075	0.723	-2.15	9.5	1.075	0.780	3.50	7.5
1.100	1.398	-0.02	0.2	1.100	0.268	-0.04	0.0	1.100	0.524	-0.07	9.5	1.100	0.550	-0.56	9.2	1.100	0.506	-0.30	9.7	1.100	0.520	-0.09	9.5	1.100	0.507	-0.04	9.7	1.100	0.778	-2.42	8.5	1.100	0.788	-2.26	8.9	1.100	0.621	-1.44	9.7	1.100	0.514	-0.75	9.5	1.100	0.716	-2.06	10.0	1.100	0.672	-1.91	9.8	1.100	0.869	3.67	9.1
1.125	1.397	0.00	0.5	1.125	0.267	-0.04	-0.1	1.125	0.525	0.17	9.7	1.125	0.538	-0.33	9.5	1.125	0.501	-0.05	9.4	1.125	0.520	0.15	9.7	1.125	0.509	0.21	9.7	1.125	0.718	-2.24	9.1	1.125	0.734	-2.04	8.4	1.125	0.588	-1.20	9.7	1.125	0.498	-0.52	9.5	1.125	0.668	-1.82	9.6	1.125	0.628	-1.66	9.6	1.125	0.964	3.95	16.8
1.150	1.397	0.01	0.3	1.150	0.266	-0.04	-0.1	1.150	0.533	0.41	9.7	1.150	0.533	-0.08	9.8	1.150	0.503	0.18	9.3	1.150	0.527	0.40	9.7	1.150	0.517	0.45	9.6	1.150	0.666	-1.97	10.6	1.150	0.685	-1.84	9.0	1.150	0.561	-0.95	9.7	1.150	0.488	-0.28	9.6	1.150	0.625	-1.59	9.7	1.150	0.589	-1.43	9.6	1.150	1.066	4.52	-63.8
1.175	1.398	0.01	0.0	1.175	0.264	-0.05	0.0	1.175	0.546	0.65	9.5	1.175	0.534	0.16	9.7	1.175	0.510	0.41	9.5	1.175	0.540	0.64	9.6	1.175	0.531	0.69	9.5	1.175	0.620	-1.71	10.1	1.175	0.641	-1.60	10.7	1.175	0.540	-0.71	9.6	1.175	0.484	-0.03	9.7	1.175	0.588	-1.34	10.0	1.175	0.556	-1.18	9.7	1.175	1.190	0.76	-158.5
1.200	1.398	0.01	-0.3	1.200	0.263	-0.05	0.4	1.200	0.565	0.89	9.5	1.200	0.541	0.40	9.5	1.200	0.524	0.65	9.6	1.200	0.559	0.88	9.5	1.200	0.551	0.92	9.4	1.200	0.580	-1.46	9.7	1.200	0.606	-1.31	10.8	1.200	0.525	-0.48	9.4	1.200	0.486	0.21	9.8	1.200	0.558	-1.09	9.9	1.200	0.530	-0.94	9.6	1.200	1.105	-3.41	-81.0
1.225	1.398	0.00	-0.4	1.225	0.262	-0.03	0.9	1.225	0.590	1.13	9.6	1.225	0.554	0.64	9.4	1.225	0.543	0.89	9.7	1.225	0.584	1.11	9.6	1.225	0.577	1.16	9.5	1.225	0.546	-1.23	9.4	1.225	0.576	-1.06	9.8	1.225	0.517	-0.24	9.4	1.225	0.495	0.45	9.6	1.225	0.534	-0.84	9.5	1.225	0.509	-0.70	9.5	1.225	1.019	-3.29	7.3
1.250	1.398	-0.01	-0.1	1.250	0.262	0.00	1.4	1.250	0.621	1.37	9.6	1.250	0.573	0.87	9.6	1.250	0.568	1.14	9.7	1.250	0.615	1.36	9.6	1.250	0.609	1.39	10.4	1.250	0.519	-0.99	9.6	1.250	0.553	-0.82	9.4	1.250	0.513	0.00	9.6	1.250	0.509	0.69	9.4	1.250	0.516	-0.61	9.3	1.250	0.495	-0.47	9.6	1.250	0.940	-3.04	10.2
1.275	1.397	-0.01	0.2	1.275	0.262	0.04	2.0	1.275	0.658	1.61	9.7	1.275	0.598	1.11	9.6	1.275	0.600	1.37	9.6	1.275	0.652	1.59	10.4	1.275	0.647	1.68	10.6	1.275	0.497	-0.75	9.7	1.275	0.535	-0.59	9.3	1.275	0.516	0.24	9.7	1.275	0.529	0.93	9.4	1.275	0.504	-0.38	9.4	1.275	0.486	-0.22	9.7	1.275	0.867	-2.77	10.3
1.300	1.397	0.00	0.3	1.300	0.264	0.10	2.7	1.300	0.702	1.85	10.5	1.300	0.629	1.35	9.6	1.300	0.637	1.62	9.8	1.300	0.694	1.88	10.5	1.300	0.693	1.93	9.1	1.300	0.481	-0.51	9.7	1.300	0.523	-0.35	9.5	1.300	0.525	0.48	9.6	1.300	0.555	1.16	9.5	1.300	0.497	-0.14	9.6	1.300	0.484	0.02	9.7	1.300	0.802	-2.53	9.5
1.325	1.397	0.01	0.3	1.325	0.267	0.18	3.9	1.325	0.751	2.13	9.3	1.325	0.666	1.59	9.7	1.325	0.680	1.86	9.6	1.325	0.745	2.12	8.3	1.325	0.743	2.13	8.3	1.325	0.472	-0.26	9.7	1.325	0.518	-0.11	9.7	1.325	0.540	0.72	9.6	1.325	0.587	1.40	9.6	1.325	0.497	0.11	9.9	1.325	0.487	0.26	9.5	1.325	0.741	-2.30	9.6
1.350	1.398	0.01	-0.1	1.350	0.273	0.29	5.7	1.350	0.808	2.32	8.2	1.350	0.709	1.84	9.6	1.350	0.730	2.10	9.1	1.350	0.800	2.29	8.3	1.350	0.800	2.34	8.9	1.350	0.468	-0.02	9.5	1.350	0.518	0.13	9.7	1.350	0.561	0.96	9.6	1.350	0.625	1.64	9.6	1.350	0.503	0.36	9.9	1.350	0.497	0.50	9.4	1.350	0.687	-2.05	9.8
1.375	1.398	0.00	72.1	1.375	0.281	0.46	8.8	1.375	0.867	2.54	10.3	1.375	0.757	2.07	9.3	1.375	0.785	2.32	9.1	1.375	0.860	2.53	10.1	1.375	0.860	2.58	9.9	1.375	0.470	0.21	9.4	1.375	0.524	0.37	9.7	1.375	0.588	1.20	9.3	1.375	0.669	1.88	9.5	1.375	0.515	0.60	9.5	1.375	0.512	0.73	9.4	1.375	0.639	-1.81	9.4
1.400	1.398	3.61	-394.2	1.400	0.295	0.73	13.4	1.400	0.935	2.83	10.9	1.400	0.812	2.30	9.3	1.400	0.846	2.55	10.6	1.400	0.927	2.79	9.9	1.400	0.928	2.84	10.0	1.400	0.479	0.45	9.6	1.400	0.536	0.62	9.6	1.400	0.621	1.43	9.4	1.400	0.719	2.12	9.7	1.400	0.533	0.83	9.1	1.400	0.533	0.97	10.3	1.400	0.596	-1.57	9.5
1.425	1.579	-19.71	-550.4	1.425	0.318	1.13	17.6	1.425	1.009	3.09	12.3	1.425	0.873	2.54	9.6	1.425	0.913	2.85	11.0	1.425	0.999	3.03	16.8	1.425	1.002	3.08	16.6	1.425	0.493	0.69	9.6	1.425	0.555	0.85	9.2	1.425	0.660	1.67	9.7	1.425	0.775	2.36	9.6	1.425	0.556	1.06	9.3	1.425	0.561	1.25	10.4	1.425	0.560	-1.33	9.6
1.450	0.412	-23.91	380.7	1.450	0.352	1.61	19.2	1.450	1.090	3.45	-53.5	1.450	0.939	2.78	11.6	1.450	0.988	3.10	16.3	1.450	1.078	3.63	-44.0	1.450	1.082	3.67	-48.1	1.450	0.513	0.93	9.6	1.450	0.579	1.08	9.9	1.450	0.705	1.91	9.7	1.450	0.837	2.60	9.6	1.450	0.585	1.30	9.5	1.450	0.596	1.49	9.0	1.450	0.530	-1.10	9.9
1.475	0.383	-0.67	462.3	1.475	0.399	2.09	16.6	1.475	1.181	0.41	-123.7	1.475	1.012	3.12	11.6	1.475	1.068	3.66	-37.4	1.475	1.181	0.83	-123.9	1.475	1.185	0.67	-128.5	1.475	0.539	1.17	9.6	1.475	0.609	1.35	10.2	1.475	0.755	2.15	9.4	1.475	0.905	2.84	9.7	1.475	0.621	1.53	9.6	1.475	0.635	1.70	8.8	1.475	0.505	-0.84	9.9
1.500	0.379	-0.79	-3.6	1.500	0.456	2.44	12.4	1.500	1.111	-2.74	-59.2	1.500	1.095	3.36	-56.9	1.500	1.171	1.23	-117.9	1.500	1.120	-2.57	-68.2	1.500	1.116	-2.76	-65.7	1.500	0.572	1.41	9.4	1.500	0.646	1.59	8.9	1.500	0.812	2.38	9.4	1.500	0.979	3.08	17.4	1.500	0.662	1.77	10.7	1.500	0.681	1.93	9.3	1.500	0.488	-0.60	9.3
1.525	0.344	-0.85	11.9	1.525	0.521	2.71	10.5	1.525	1.044	-2.55	8.6	1.525	1.180	0.27	-121.8	1.525	1.129	-2.23	-78.0	1.525	1.053	-2.58	4.6	1.525	1.048	-2.61	7.8	1.525	0.610	1.64	9.4	1.525	0.688	1.79	9.0	1.525	0.875	2.62	10.4	1.525	1.059	3.71	-32.7	1.525	0.709	2.07	9.6	1.525	0.732	2.16	8.6	1.525	0.475	-0.37	9.2
1.550	0.336	-0.19	15.5	1.550	0.592	2.97	10.0	1.550	0.983	-2.31	9.2	1.550	1.109	-2.73	-55.4	1.550	1.060	-2.67	-3.9	1.550	0.991	-2.33	9.9	1.550	0.986	-2.37	9.7	1.550	0.654	1.88	9.5	1.550	0.736	2.04	8.5	1.550	0.943	2.91	12.4	1.550	1.164	1.45	-115.5	1.550	0.766	2.25	8.3	1.550	0.789	2.36	8.9	1.550	0.469	-0.14	9.5
1.575	0.334	-0.08	1.7	1.575	0.669	3.21	9.2	1.575	0.929	-2.09	9.2	1.575	1.043	-2.50	8.8	1.575	0.996	-2.43	9.6	1.575	0.936	-2.08	9.6	1.575	0.929	-2.13	9.8	1.575	0.704	2.12	9.5	1.575	0.791	2.22	8.7	1.575	1.020	3.24	2.5	1.575	1.131	-2.07	-84.1	1.575	0.822	2.48	10.7	1.575	0.850	2.61	10.2	1.575	0.468	0.10	9.5
1.600	0.332	-0.11	-1.2	1.600	0.752	3.43	9.0	1.600	0.879	-1.85	11.5	1.600	0.984	-2.29	9.0	1.600	0.938	-2.19	9.2	1.600	0.887	-1.85	10.0	1.600	0.879	-1.88	10.4	1.600	0.760	2.35	9.6	1.600	0.847	2.48	11.3	1.600	1.105	3.03	-67.3	1.600	1.061	-2.76	-8.9	1.600	0.890	2.79	10.0	1.600	0.919	2.88	10.2	1.600	0.474	0.33	9.2
1.625	0.329	-0.14	-0.4	1.625	0.841	3.66	10.2	1.625	0.837	-1.51	11.6	1.625	0.929	-2.05	10.5	1.625	0.886	-1.97	9.4	1.625	0.843	-1.58	10.2	1.625	0.835	-1.61	10.1	1.625	0.821	2.60	9.8	1.625	0.914	2.78	10.3	1.625	1.172	-0.12	-115.9	1.625	0.994	-2.52	10.3	1.625	0.961	2.98	12.7	1.625	0.994	3.12	17.4	1.625	0.485	0.56	9.4
1.650	0.325	-0.13	0.5	1.650	0.935	3.94	19.4	1.650	0.803	-1.27	8.5	1.650	0.881	-1.77	10.8	1.650	0.840	-1.72	9.0	1.650	0.807	-1.34	9.0	1.650	0.799	-1.37	8.9	1.650	0.890	2.85	10.5	1.650	0.986	2.99	15.2	1.650	1.099	-2.76	-47.7	1.650	0.935	-2.24	10.3	1.650	1.039	3.42	-13.9	1.650	1.075	3.75	-43.9	1.650	0.502	0.80	9.5
1.675	0.322	-0.11	0.6	1.675	1.038	4.63	-44.6	1.675	0.773	-1.09	8.2	1.675	0.840	-1.51	9.6	1.675	0.800	-1.52	8.8	1.675	0.776	-1.13	9.0	1.675	0.767	-1.16	9.0	1.675	0.964	3.13	15.8	1.675	1.064	3.54	-29.1	1.675	1.033	-2.51	9.3	1.675	0.881	-2.00	9.9	1.675	1.132	2.29	-88.7	1.675	1.181	0.92	-126.8	1.675	0.525	1.04	9.5
1.700	0.320	-0.10	0.5	1.700	1.167	1.71	-144.2	1.700	0.749	-0.85	9.2	1.700	0.806	-1.29	8.9	1.700	0.764	-1.28	10.6	1.700	0.751	-0.89	9.8	1.700	0.741	-0.92	9.8	1.700	1.046	3.63	-24.4	1.700	1.163	1.54	-107.5	1.700	0.974	-2.30	8.8	1.700	0.834	-1.75	9.8	1.700	1.153	-1.01	-100.8	1.700	1.121	-2.59	-71.6	1.700	0.554	1.28	9.6
1.725	0.317	-0.08	0.8	1.725	1.123	-2.58	-100.3	1.725	0.731	-0.63	9.3	1.725	0.776	-1.07	9.4	1.725	0.736	-0.99	10.5	1.725	0.732	-0.64	10.0	1.725	0.721	-0.67	9.8	1.725	1.145	1.91	-103.3	1.725	1.141	-1.83	-83.4	1.725	0.919	-2.07	10.0	1.725	0.794	-1.51	9.5	1.725	1.082	-2.75	-29.7	1.725	1.052	-2.66	2.8	1.725	0.589	1.52	9.8
1.750	0.315	-0.06	0.9	1.750	1.038	-3.31	-9.8	1.750	0.718	-0.39	9.8	1.750	0.752	-0.82	9.8	1.750	0.715	-0.75	9.7	1.750	0.719	-0.39	10.0	1.750	0.707	-0.43	9.7	1.750	1.141	-1.53	-94.6	1.750	1.072	-2.63	-11.3	1.750	0.870	-1.80	10.6	1.750	0.759	-1.28	9.6	1.750	1.016	-2.50	10.2	1.750	0.988	-2.45	9.0	1.750	0.630	1.76	9.6
1.775	0.314	-0.04	0.8	1.775	0.958	-3.07	9.9	1.775	0.711	-0.14	10.0	1.775	0.735	-0.58	9.8	1.775	0.699	-0.51	9.8	1.775	0.712	-0.14	10.2	1.775	0.699	-0.19	9.7	1.775	1.069	-2.82	-21.1	1.775	1.009	-2.40	9.6	1.775	0.829	-1.54	9.7	1.775	0.730	-1.03	9.7	1.775	0.957	-2.24	9.9	1.775	0.929	-2.21	10.4	1.775	0.677	2.00	10.3
1.800	0.314	-0.02	0.7	1.800	0.884	-2.81	10.2	1.800	0.711	0.11	10.5	1.800	0.724	-0.33	9.9	1.800	0.689	-0.26	9.5	1.800	0.712	0.11	9.7	1.800	0.698	0.05	9.4	1.800	1.000	-2.58	10.2	1.800	0.952	-2.15	9.7	1.800	0.793	-1.31	9.4	1.800	0.707	-0.80	9.6	1.800	0.904	-2.01	10.0	1.800	0.878	-1.93	11.4	1.800	0.730	2.28	9.1
1.825	0.313	0.00	0.6	1.825	0.817	-2.56	8.7	1.825	0.717	0.39	10.3	1.825	0.719	-0.08	9.7	1.825	0.686	-0.03	9.5	1.825	0.718	0.35	9.0	1.825	0.702	0.28	9.3	1.825	0.940	-2.31	10.3	1.825	0.901	-1.92	10.3	1.825	0.763	-1.07	9.5	1.825	0.690	-0.56	9.5	1.825	0.857	-1.74	10.3	1.825	0.832	-1.64	10.3	1.825	0.791	2.46	7.4
1.850	0.313	0.01	0.7	1.850	0.756	-2.37	8.6	1.850	0.730	0.62	8.9	1.850	0.720	0.16	9.4	1.850	0.688	0.21	9.6	1.850	0.729	0.56	8.9	1.850	0.712	0.52	10.1	1.850	0.885	-2.07	9.7	1.850	0.856	-1.64	10.6	1.850	0.740	-0.83	9.6	1.850	0.679	-0.32	9.6	1.850	0.817	-1.49	9.2	1.850	0.796	-1.42	8.1	1.850	0.853	2.65	10.9
1.875	0.314	0.03	0.5	1.875	0.699	-2.13	10.5	1.875	0.748	0.83	9.0	1.875	0.726	0.39	9.3	1.875	0.696	0.45	9.5	1.875	0.746	0.79	9.2	1.875	0.728	0.79	10.3	1.875	0.836	-1.82	9.6	1.875	0.819	-1.39	9.0	1.875	0.722	-0.59	9.7	1.875	0.674	-0.07	9.8	1.875	0.782	-1.28	8.6	1.875	0.762	-1.23	8.8	1.875	0.924	3.00	12.1
1.900	0.315	0.04	0.4	1.900	0.650	-1.85	10.5	1.900	0.771	1.07	8.5	1.900	0.739	0.62	9.4	1.900	0.710	0.69	9.6	1.900	0.769	1.03	8.3	1.900	0.751	1.04	9.3	1.900	0.794	-1.59	9.5	1.900	0.787	-1.19	8.7	1.900	0.710	-0.35	9.7	1.900	0.676	0.17	9.7	1.900	0.753	-1.06	9.3	1.900	0.734	-0.98	10.1	1.900	1.003	3.26	14.9
1.925	0.316	0.05	0.5	1.925	0.606	-1.60	9.6	1.925	0.801	1.25	9.2	1.925	0.758	0.86	9.6	1.925	0.730	0.93	9.6	1.925	0.797	1.21	8.4	1.925	0.780	1.25	7.7	1.925	0.757	-1.35	9.7	1.925	0.760	-0.95	9.7	1.925	0.704	-0.11	9.6	1.925	0.683	0.41	9.7	1.925	0.729	-0.81	9.8	1.925	0.713	-0.73	9.7	1.925	1.087	3.75	-52.2
1.950	0.317	0.06	0.0	1.950	0.569	-1.37	9.5	1.950	0.834	1.53	11.7	1.950	0.782	1.10	9.6	1.950	0.757	1.17	9.3	1.950	0.829	1.45	10.7	1.950	0.814	1.42	8.1	1.950	0.726	-1.10	9.7	1.950	0.739	-0.71	10.0	1.950	0.704	0.13	9.5	1.950	0.696	0.65	9.5	1.950	0.712	-0.57	9.7	1.950	0.697	-0.49	9.6	1.950	1.190	0.65	-132.9
1.975	0.319	0.05	-0.5	1.975	0.538	-1.13	9.6	1.975	0.878	1.84	10.1	1.975	0.813	1.34	9.6	1.975	0.789	1.39	9.3	1.975	0.870	1.74	10.7	1.975	0.851	1.66	10.6	1.975	0.702	-0.86	9.6	1.975	0.724	-0.45	10.1	1.975	0.711	0.37	9.6	1.975	0.715	0.89	9.2	1.975	0.701	-0.33	9.7	1.975	0.688	-0.25	9.6	1.975	1.119	-2.90	-68.4
2.000	0.320	0.04	-0.4	2.000	0.513	-0.88	9.8	2.000	0.926	2.04	8.5	2.000	0.849	1.58	9.6	2.000	0.826	1.63	9.8	2.000	0.916	1.98	9.7	2.000	0.897	1.95	10.7	2.000	0.683	-0.62	9.4	2.000	0.716	-0.20	9.5	2.000	0.723	0.61	10.5	2.000	0.740	1.12	9.7	2.000	0.696	-0.08	9.8	2.000	0.685	-0.01	9.6	2.000	1.045	-2.78	8.1
2.025	0.321	0.03	-0.1	2.025	0.494	-0.64	9.6	2.025	0.980	2.26	11.1	2.025	0.892	1.82	9.6	2.025	0.870	1.88	9.9	2.025	0.969	2.23	10.2	2.025	0.948	2.19	10.4	2.025	0.671	-0.39	9.4	2.025	0.714	0.02	9.1	2.025	0.741	0.90	10.6	2.025	0.771	1.37	9.5	2.025	0.696	0.16	9.8	2.025	0.688	0.23	10.1	2.025	0.980	-2.49	10.4
2.050	0.322	0.03	-0.1	2.050	0.481	-0.40	9.5	2.050	1.039	2.59	11.5	2.050	0.940	2.06	9.5	2.050	0.921	2.13	10.3	2.050	1.028	2.50	16.5	2.050	1.006	2.47	14.9	2.050	0.664	-0.15	9.8	2.050	0.717	0.25	8.9	2.050	0.768	1.14	7.7	2.050	0.809	1.59	8.9	2.050	0.704	0.41	9.5	2.050	0.696	0.50	10.2	2.050	0.921	-2.25	10.3
2.075	0.323	0.03	-0.3	2.075	0.474	-0.16	9.6	2.075	1.109	2.84	-47.1	2.075	0.995	2.30	13.0	2.075	0.977	2.40	11.5	2.075	1.094	3.05	-33.1	2.075	1.072	2.94	-17.8	2.075	0.663	0.10	9.7	2.075	0.726	0.47	8.9	2.075	0.798	1.28	7.4	2.075	0.851	1.82	10.7	2.075	0.717	0.64	10.2	2.075	0.713	0.74	9.0	2.075	0.867	-1.98	10.6
2.100	0.323	0.02	-0.4	2.100	0.473	0.08	9.6	2.100	1.181	0.24	-102.6	2.100	1.055	2.71	-2.6	2.100	1.040	2.70	6.4	2.100	1.180	0.84	-101.1	2.100	1.153	1.58	-83.4	2.100	0.669	0.34	9.5	2.100	0.741	0.70	9.5	2.100	0.832	1.51	10.5	2.100	0.900	2.13	11.3	2.100	0.736	0.91	10.7	2.100	0.733	0.95	8.9	2.100	0.822	-1.72	9.5
2.125	0.324	0.01	0.0	2.125	0.478	0.31	9.5	2.125	1.121	-2.30	-46.3	2.125	1.130	2.16	-64.7	2.125	1.112	2.72	-53.7	2.125	1.136	-2.00	-58.7	2.125	1.151	-1.23	-76.7	2.125	0.680	0.57	9.6	2.125	0.761	0.95	9.9	2.125	0.874	1.80	11.2	2.125	0.957	2.38	8.8	2.125	0.763	1.17	7.9	2.125	0.760	1.18	9.2	2.125	0.781	-1.51	9.0
2.150	0.323	0.02	2.7	2.150	0.488	0.55	9.5	2.150	1.066	-2.08	9.3	2.150	1.163	-0.52	-87.9	2.150	1.176	0.02	-102.2	2.150	1.080	-2.10	1.7	2.150	1.092	-2.25	-15.5	2.150	0.697	0.81	9.6	2.150	0.788	1.19	9.5	2.150	0.922	2.07	10.3	2.150	1.019	2.57	17.8	2.150	0.794	1.31	7.9	2.150	0.792	1.41	9.1	2.150	0.747	-1.27	10.0
2.175	0.325	0.14	6.8	2.175	0.505	0.79	9.6	2.175	1.017	-1.83	9.0	2.175	1.104	-2.23	-30.0	2.175	1.113	-2.40	-43.8	2.175	1.031	-1.92	8.2	2.175	1.038	-2.01	9.8	2.175	0.721	1.05	9.5	2.175	0.821	1.42	9.3	2.175	0.978	2.32	9.9	2.175	1.085	3.27	-32.0	2.175	0.828	1.57	10.5	2.175	0.830	1.64	9.7	2.175	0.718	-1.01	10.1
2.200	0.330	0.36	9.2	2.200	0.528	1.03	9.6	2.200	0.975	-1.63	8.9	2.200	1.052	-2.02	9.2	2.200	1.056	-2.17	9.3	2.200	0.984	-1.69	10.8	2.200	0.991	-1.76	9.6	2.200	0.750	1.29	9.4	2.200	0.859	1.66	9.6	2.200	1.038	2.57	9.1	2.200	1.182	0.97	-109.6	2.200	0.873	1.83	8.8	2.200	0.874	1.89	10.0	2.200	0.696	-0.76	8.9
2.225	0.342	0.60	9.7	2.225	0.557	1.27	9.5	2.225	0.936	-1.39	10.3	2.225	1.003	-1.77	10.3	2.225	1.004	-1.93	10.5	2.225	0.947	-1.38	19.1	2.225	0.950	-1.53	9.5	2.225	0.785	1.52	9.5	2.225	0.904	1.90	9.4	2.225	1.106	2.77	-47.8	2.225	1.134	-2.21	-65.5	2.225	0.920	2.00	8.9	2.225	0.925	2.14	9.9	2.225	0.679	-0.56	8.9
2.250	0.361	0.84	9.5	2.250	0.591	1.50	9.4	2.250	0.905	-1.11	10.4	2.250	0.963	-1.50	10.2	2.250	0.960	-1.65	10.4	2.250	0.916	-0.73	13.2	2.250	0.915	-1.28	9.5	2.250	0.826	1.76	9.7	2.250	0.954	2.13	9.4	2.250	1.176	0.18	-102.3	2.250	1.072	-2.31	3.8	2.250	0.973	2.28	11.1	2.250	0.981	2.38	11.0	2.250	0.668	-0.32	9.1
2.275	0.385	1.08	9.3	2.275	0.632	1.74	9.7	2.275	0.880	-0.87	9.4	2.275	0.928	-1.26	9.7	2.275	0.922	-1.41	9.8	2.275	0.910	-0.72	-4.2	2.275	0.886	-1.05	9.4	2.275	0.873	2.01	9.7	2.275	1.010	2.37	13.9	2.275	1.115	-2.34	-45.8	2.275	1.018	-2.02	11.0	2.275	1.033	2.56	13.9	2.275	1.044	2.69	5.4	2.275	0.663	-0.10	8.7
2.300	0.414	1.31	9.6	2.300	0.678	1.99	9.7	2.300	0.862	-0.64	9.4	2.300	0.900	-1.02	9.6	2.300	0.889	-1.16	9.9	2.300	0.880	-0.94	4.1	2.300	0.863	-0.82	9.5	2.300	0.926	2.25	9.6	2.300	1.073	2.82	-13.7	2.300	1.059	-2.11	8.8	2.300	0.971	-1.76	9.9	2.300	1.101	2.97	-42.8	2.300	1.116	2.65	-54.8	2.300	0.663	0.12	9.6
2.325	0.450	1.55	9.7	2.325	0.731	2.22	9.3	2.325	0.848	-0.40	9.6	2.325	0.877	-0.78	9.5	2.325	0.864	-0.92	9.2	2.325	0.863	-0.51	14.0	2.325	0.845	-0.58	9.8	2.325	0.986	2.49	12.9	2.325	1.151	1.69	-77.2	2.325	1.009	-1.90	9.1	2.325	0.930	-1.52	9.4	2.325	1.182	0.42	-105.8	2.325	1.176	-0.05	-100.9	2.325	0.669	0.38	10.1
2.350	0.492	1.80	9.6	2.350	0.789	2.45	9.3	2.350	0.841	-0.16	9.8	2.350	0.861	-0.54	9.7	2.350	0.843	-0.70	9.1	2.350	0.854	-0.24	11.1	2.350	0.834	-0.33	9.7	2.350	1.051	2.89	-7.9	2.350	1.157	-1.04	-77.5	2.350	0.964	-1.66	10.3	2.350	0.895	-1.29	9.4	2.350	1.122	-2.32	-51.3	2.350	1.113	-2.39	-41.7	2.350	0.682	0.62	9.8
2.375	0.540	2.04	9.7	2.375	0.854	2.69	9.6	2.375	0.841	0.09	9.8	2.375	0.850	-0.30	9.9	2.375	0.828	-0.46	9.4	2.375	0.851	0.05	11.3	2.375	0.829	-0.09	9.4	2.375	1.130	2.09	-73.4	2.375	1.100	-2.19	-18.3	2.375	0.926	-1.39	10.3	2.375	0.866	-1.05	9.8	2.375	1.066	-2.14	9.2	2.375	1.057	-2.13	10.1	2.375	0.700	0.87	9.6
2.400	0.594	2.28	9.7	2.400	0.924	2.93	10.3	2.400	0.846	0.33	10.5	2.400	0.846	-0.05	9.7	2.400	0.820	-0.23	9.5	2.400	0.857	0.32	10.7	2.400	0.829	0.14	9.3	2.400	1.155	-0.78	-90.1	2.400	1.048	-1.95	9.4	2.400	0.895	-1.14	9.7	2.400	0.842	-0.80	10.0	2.400	1.015	-1.86	10.6	2.400	1.007	-1.89	9.7	2.400	0.725	1.10	9.6
2.425	0.654	2.52	10.5	2.425	1.000	3.21	14.3	2.425	0.857	0.61	11.5	2.425	0.848	0.19	9.3	2.425	0.817	0.01	8.8	2.425	0.867	0.58	11.1	2.425	0.836	0.37	9.5	2.425	1.091	-2.41	-27.3	2.425	1.002	-1.71	9.5	2.425	0.869	-0.90	9.6	2.425	0.825	-0.56	9.3	2.425	0.973	-1.61	8.2	2.425	0.963	-1.65	9.5	2.425	0.755	1.34	9.3
2.450	0.720	2.80	9.3	2.450	1.084	3.65	-53.6	2.450	0.876	0.91	32.0	2.450	0.855	0.41	9.2	2.450	0.820	0.21	8.6	2.450	0.886	0.88	8.7	2.450	0.848	0.61	9.6	2.450	1.035	-2.14	10.2	2.450	0.962	-1.47	9.7	2.450	0.850	-0.66	9.6	2.450	0.814	-0.34	9.4	2.450	0.934	-1.45	8.0	2.450	0.924	-1.41	9.5	2.450	0.792	1.57	9.2
2.475	0.794	2.98	8.3	2.475	1.183	0.53	-130.3	2.475	0.902	2.21	11.1	2.475	0.868	0.65	9.3	2.475	0.827	0.44	10.4	2.475	0.911	1.02	4.6	2.475	0.866	0.85	9.6	2.475	0.984	-1.90	9.6	2.475	0.928	-1.23	9.6	2.475	0.836	-0.42	9.5	2.475	0.809	-0.09	9.7	2.475	0.900	-1.21	10.3	2.475	0.892	-1.18	9.5	2.475	0.834	1.80	9.9
2.500	0.869	3.22	10.5	2.500	1.111	-2.86	-64.1	2.500	0.987	1.46	-35.2	2.500	0.887	0.88	9.5	2.500	0.842	0.73	10.4	2.500	0.937	1.11	7.7	2.500	0.891	1.10	9.7	2.500	0.940	-1.66	9.8	2.500	0.901	-0.99	9.4	2.500	0.828	-0.19	9.6	2.500	0.810	0.15	9.0	2.500	0.874	-0.93	11.0	2.500	0.865	-0.94	9.5	2.500	0.882	2.06	10.0
2.525	0.955	3.51	16.7	2.525	1.040	-2.68	9.4	2.525	0.976	0.45	1.8	2.525	0.912	1.12	9.7	2.525	0.864	0.96	9.5	2.525	0.967	1.40	12.1	2.525	0.921	1.34	9.8	2.525	0.901	-1.41	9.7	2.525	0.879	-0.76	9.3	2.525	0.827	0.06	9.6	2.525	0.816	0.36	9.3	2.525	0.854	-0.66	10.2	2.525	0.845	-0.70	9.7	2.525	0.937	2.30	9.6
2.550	1.044	4.05	-34.2	2.550	0.977	-2.40	10.5	2.550	1.009	1.55	29.5	2.550	0.944	1.37	9.7	2.550	0.890	1.20	10.6	2.550	1.007	1.72	12.1	2.550	0.958	1.59	9.5	2.550	0.869	-1.17	10.7	2.550	0.863	-0.53	9.5	2.550	0.831	0.30	9.4	2.550	0.828	0.61	10.0	2.550	0.841	-0.42	8.9	2.550	0.830	-0.45	9.9	2.550	0.997	2.54	13.7
2.575	1.157	1.80	-121.5	2.575	0.920	-2.15	9.9	2.575	1.053	1.93	18.8	2.575	0.981	1.61	9.6	2.575	0.924	1.49	10.6	2.575	1.053	2.00	15.2	2.575	1.000	1.82	10.2	2.575	0.842	-0.88	11.1	2.575	0.852	-0.29	9.4	2.575	0.842	0.53	9.7	2.575	0.847	0.86	10.4	2.575	0.832	-0.22	8.8	2.575	0.823	-0.21	9.3	2.575	1.064	2.98	-15.0
2.600	1.134	-2.02	-95.9	2.600	0.869	-1.90	10.0	2.600	1.106	2.49	-23.5	2.600	1.024	1.84	12.2	2.600	0.965	1.74	8.9	2.600	1.107	2.48	-15.3	2.600	1.049	2.10	17.4	2.600	0.825	-0.62	8.7	2.600	0.848	-0.06	9.5	2.600	0.858	0.78	9.6	2.600	0.871	1.13	10.4	2.600	0.830	0.02	9.4	2.600	0.820	0.02	8.8	2.600	1.147	1.79	-81.7
2.625	1.056	-3.00	-14.8	2.625	0.825	-1.66	9.4	2.625	1.178	0.75	-82.7	2.625	1.073	2.22	1.6	2.625	1.011	1.94	9.4	2.625	1.177	1.24	-73.3	2.625	1.105	2.69	-24.8	2.625	0.811	-0.44	8.0	2.625	0.850	0.19	9.7	2.625	0.881	1.01	9.4	2.625	0.903	1.38	8.9	2.625	0.833	0.26	11.0	2.625	0.823	0.23	9.2	2.625	1.153	-1.10	-82.5
2.650	0.984	-2.76	9.0	2.650	0.786	-1.43	9.2	2.650	1.143	-1.64	-50.4	2.650	1.135	1.92	-50.6	2.650	1.062	2.20	8.0	2.650	1.168	-1.19	-60.4	2.650	1.183	0.86	-88.7	2.650	0.803	-0.22	9.2	2.650	0.858	0.43	9.3	2.650	0.909	1.25	10.0	2.650	0.940	1.58	8.7	2.650	0.843	0.57	9.9	2.650	0.832	0.48	9.9	2.650	1.092	-2.34	-19.6
2.675	0.918	-2.55	10.3	2.675	0.753	-1.20	9.4	2.675	1.096	-1.77	2.7	2.675	1.169	-0.31	-75.8	2.675	1.121	2.33	-42.2	2.675	1.117	-1.79	-5.9	2.675	1.148	-1.75	-55.4	2.675	0.800	0.02	9.3	2.675	0.871	0.66	9.1	2.675	0.943	1.52	10.6	2.675	0.982	1.81	9.5	2.675	0.862	0.75	6.6	2.675	0.847	0.73	9.8	2.675	1.036	-2.08	10.1
2.700	0.857	-2.25	10.9	2.700	0.726	-0.96	9.4	2.700	1.055	-1.51	10.0	2.700	1.119	-1.86	-26.1	2.700	1.178	0.10	-86.6	2.700	1.079	-1.48	12.6	2.700	1.096	-1.91	2.8	2.700	0.804	0.24	8.7	2.700	0.890	0.89	9.4	2.700	0.984	1.78	9.6	2.700	1.031	2.05	13.1	2.700	0.880	0.90	8.5	2.700	0.868	0.97	9.4	2.700	0.987	-1.83	9.6
2.725	0.806	-2.00	8.6	2.725	0.705	-0.73	10.2	2.725	1.020	-1.27	9.5	2.725	1.076	-1.61	9.6	2.725	1.126	-2.00	-36.9	2.725	1.043	-1.16	9.7	2.725	1.052	-1.61	11.2	2.725	0.812	0.45	9.3	2.725	0.915	1.13	9.8	2.725	1.032	2.00	12.8	2.725	1.085	2.47	-10.2	2.725	0.907	1.18	10.7	2.725	0.896	1.20	9.6	2.725	0.945	-1.60	9.3
2.750	0.757	-1.82	9.2	2.750	0.690	-0.45	11.2	2.750	0.992	-1.03	9.1	2.750	1.039	-1.38	9.1	2.750	1.079	-1.75	10.2	2.750	1.021	-1.00	9.2	2.750	1.015	-1.35	11.0	2.750	0.826	0.70	10.6	2.750	0.947	1.38	9.8	2.750	1.084	2.42	-14.2	2.750	1.154	1.54	-67.2	2.750	0.939	1.44	10.1	2.750	0.928	1.45	9.7	2.750	0.907	-1.37	9.4
2.775	0.715	-1.54	10.3	2.775	0.683	-0.16	8.6	2.775	0.969	-0.81	8.9	2.775	1.007	-1.16	8.4	2.775	1.038	-1.49	9.8	2.775	0.993	-0.70	12.4	2.775	0.985	-1.06	13.9	2.775	0.848	0.98	10.2	2.775	0.984	1.62	9.5	2.775	1.153	1.29	-69.8	2.775	1.162	-0.90	-69.9	2.775	0.979	1.68	13.1	2.775	0.968	1.69	9.5	2.775	0.876	-1.13	9.4
2.800	0.679	-1.30	9.7	2.800	0.682	-0.01	7.1	2.800	0.951	-0.59	9.4	2.800	0.981	-0.96	8.8	2.800	1.004	-1.26	8.9	2.800	0.987	-0.38	-11.4	2.800	0.962	-0.66	12.3	2.800	0.875	1.22	9.4	2.800	1.028	1.85	10.8	2.800	1.149	-1.08	-63.1	2.800	1.109	-1.95	-15.6	2.800	1.024	2.09	20.7	2.800	1.013	1.92	10.7	2.800	0.851	-0.90	10.2
2.825	0.650	-1.06	9.9	2.825	0.682	0.19	9.8	2.825	0.939	-0.34	10.2	2.825	0.959	-0.72	10.6	2.825	0.975	-1.04	9.3	2.825	0.974	-1.26	176.5	2.825	0.952	-0.44	3.2	2.825	0.908	1.45	9.6	2.825	1.077	2.16	2.7	2.825	1.099	-1.87	-10.9	2.825	1.064	-1.68	10.3	2.825	1.083	2.72	-2.1	2.825	1.064	2.22	7.4	2.825	0.831	-0.62	10.6
2.850	0.627	-0.81	9.9	2.850	0.691	0.48	10.6	2.850	0.934	-0.08	10.2	2.850	0.945	-0.43	10.6	2.850	0.952	-0.79	9.7	2.850	0.923	8.45	243.2	2.850	0.940	-0.50	2.8	2.850	0.948	1.69	9.6	2.850	1.136	1.99	-47.1	2.850	1.055	-1.62	9.7	2.850	1.025	-1.44	9.7	2.850	1.159	1.99	-68.0	2.850	1.124	2.29	-44.0	2.850	0.820	-0.37	9.4
2.875	0.610	-0.56	9.6	2.875	0.706	0.72	9.8	2.875	0.935	0.17	10.4	2.875	0.937	-0.19	9.7	2.875	0.935	-0.56	9.6	2.875	1.397	10.90	-336.5	2.875	0.927	-0.30	11.1	2.875	0.993	1.93	10.1	2.875	1.176	-0.19	-77.3	2.875	1.018	-1.38	9.4	2.875	0.993	-1.19	10.0	2.875	1.183	-0.68	-80.7	2.875	1.178	0.02	-85.1	2.875	0.813	-0.16	8.7
2.900	0.599	-0.33	9.4	2.900	0.727	0.97	9.7	2.900	0.942	0.44	10.2	2.900	0.935	0.05	9.6	2.900	0.924	-0.31	9.6	2.900	1.468	-8.38	-407.2	2.900	0.925	0.05	11.6	2.900	1.044	2.20	14.6	2.900	1.126	-1.88	-28.6	2.900	0.986	-1.15	9.6	2.900	0.966	-0.94	9.7	2.900	1.125	-2.05	-19.0	2.900	1.125	-1.97	-31.8	2.900	0.812	0.07	8.9
2.925	0.593	-0.09	9.4	2.925	0.755	1.21	9.3	2.925	0.957	0.68	8.1	2.925	0.940	0.29	9.4	2.925	0.920	-0.08	9.4	2.925	0.978	-9.46	183.6	2.925	0.929	0.28	9.8	2.925	1.103	2.66	-34.9	2.925	1.082	-1.62	10.7	2.925	0.961	-0.90	9.7	2.925	0.946	-0.71	9.2	2.925	1.080	-1.63	13.5	2.925	1.080	-1.57	11.4	2.925	0.816	0.29	9.1
2.950	0.594	0.14	9.4	2.950	0.788	1.43	9.3	2.950	0.976	0.85	8.4	2.950	0.949	0.52	10.1	2.950	0.920	0.16	9.5	2.950	0.995	0.80	200.9	2.950	0.939	0.54	11.2	2.950	1.178	0.46	-94.4	2.950	1.045	-1.34	10.2	2.950	0.941	-0.66	9.6	2.950	0.930	-0.48	9.4	2.950	1.044	-1.37	-8.5	2.950	1.046	-1.40	3.9	2.950	0.826	0.53	9.7
2.975	0.600	0.38	9.5	2.975	0.826	1.67	9.4	2.975	1.000	1.10	11.0	2.975	0.965	0.79	10.3	2.975	0.927	0.40	9.6	2.975	1.018	0.58	135.3	2.975	0.957	0.84	10.8	2.975	1.126	-2.06	-47.1	2.975	1.015	-1.11	8.3	2.975	0.927	-0.42	9.7	2.975	0.921	-0.24	9.7	2.975	1.012	-2.06	212.7	2.975	1.010	-1.38	3.9	2.975	0.843	0.77	10.0
3.000	0.613	0.62	9.6	3.000	0.871	1.90	9.3	3.000	1.031	1.40	11.8	3.000	0.989	1.03	9.0	3.000	0.940	0.64	9.4	3.000	1.024	7.57	137.5	3.000	0.981	1.08	9.2	3.000	1.075	-1.90	8.6	3.000	0.989	-0.93	8.4	3.000	0.920	-0.18	9.7	3.000	0.919	0.01	10.1	3.000	0.941	9.26	29.5	3.000	0.977	-1.20	9.5	3.000	0.865	1.03	10.0
3.025	0.631	0.86	9.7	3.025	0.922	2.14	9.5	3.025	1.070	1.68	16.3	3.025	1.017	1.24	8.8	3.025	0.959	0.87	9.3	3.025	1.397	7.46	-151.4	3.025	1.011	1.30	11.7	3.025	1.031	-1.63	10.4	3.025	0.969	-0.69	9.3	3.025	0.918	0.06	9.6	3.025	0.922	0.27	9.9	3.025	1.475	-0.59	-184.4	3.025	0.950	-0.90	11.4	3.025	0.894	1.27	9.6
3.050	0.656	1.10	9.6	3.050	0.978	2.38	11.6	3.050	1.115	2.21	-11.8	3.050	1.051	1.48	10.9	3.050	0.984	1.10	9.4	3.050	1.397	5.59E-4	-149.2	3.050	1.046	1.67	12.8	3.050	0.994	-1.38	9.9	3.050	0.954	-0.46	8.9	3.050	0.923	0.30	9.5	3.050	0.932	0.50	8.6	3.050	0.912	0.04	22.1	3.050	0.932	-0.63	10.2	3.050	0.929	1.51	9.4
3.075	0.686	1.34	9.6	3.075	1.041	2.72	5.5	3.075	1.181	1.09	-65.5	3.075	1.091	1.79	3.8	3.075	1.014	1.34	10.4	3.075	1.397	0.00	0.0	3.075	1.094	1.94	3.3	3.075	0.962	-1.13	9.2	3.075	0.946	-0.25	8.9	3.075	0.933	0.54	9.5	3.075	0.947	0.70	9.0	3.075	1.477	0.52	-214.5	3.075	0.919	-0.39	10.3	3.075	0.969	1.75	9.5
3.100	0.723	1.58	10.0	3.100	1.114	2.66	-55.3	3.100	1.170	-1.06	-52.6	3.100	1.141	1.67	-39.2	3.100	1.051	1.62	12.9	3.100	1.397	0.00	0.1	3.100	1.144	1.83	-41.2	3.100	0.937	-0.92	8.8	3.100	0.942	-0.02	9.9	3.100	0.950	0.77	9.4	3.100	0.967	0.95	9.7	3.100	0.937	-10.68	-22.5	3.100	0.913	-0.12	10.5	3.100	1.016	1.98	11.7
3.125	0.765	1.84	9.4	3.125	1.173	-0.05	-100.9	3.125	1.128	-1.54	-19.3	3.125	1.174	-0.17	-65.1	3.125	1.095	1.98	-0.2	3.125	1.397	-5.59E-4	0.2	3.125	1.186	-0.12	-71.7	3.125	0.916	-0.69	9.9	3.125	0.945	0.25	10.0	3.125	0.972	1.01	9.6	3.125	0.994	1.18	9.2	3.125	0.943	-0.61	422.2	3.125	0.913	0.13	10.5	3.125	1.068	2.33	-0.5
3.150	0.815	2.05	9.6	3.150	1.112	-2.39	-42.3	3.150	1.093	-2.02	152.2	3.150	1.132	-1.59	-23.7	3.150	1.150	1.61	-47.7	3.150	1.397	0.01	19.4	3.150	1.138	-1.75	-26.8	3.150	0.903	-0.42	10.1	3.150	0.954	0.48	9.3	3.150	1.000	1.25	10.5	3.150	1.026	1.41	9.3	3.150	0.907	10.43	47.1	3.150	0.919	0.41	10.3	3.150	1.132	1.96	-54.4
3.175	0.868	2.32	10.9	3.175	1.054	-2.16	10.4	3.175	1.026	6.07	213.2	3.175	1.095	-1.36	9.6	3.175	1.176	-0.40	-65.7	3.175	1.397	0.97	-138.0	3.175	1.098	-1.46	11.2	3.175	0.895	-0.18	9.6	3.175	0.969	0.71	9.4	3.175	1.035	1.53	11.1	3.175	1.065	1.65	12.3	3.175	1.464	1.75	-385.5	3.175	0.933	0.65	9.0	3.175	1.166	-0.39	-79.1
3.200	0.931	2.60	9.3	3.200	1.004	-1.87	10.7	3.200	1.397	8.64	-264.4	3.200	1.064	-1.11	9.3	3.200	1.130	-1.67	-19.9	3.200	1.445	-6.89	-38.8	3.200	1.065	-1.19	10.7	3.200	0.893	0.06	9.6	3.200	0.990	0.95	9.7	3.200	1.077	1.81	10.3	3.200	1.109	2.03	-6.5	3.200	0.994	-8.85	-12.6	3.200	0.952	0.85	9.0	3.200	1.113	-2.00	-26.9
3.225	0.998	2.79	15.6	3.225	0.960	-1.62	9.8	3.225	1.458	-7.15	-344.0	3.225	1.040	-0.89	9.2	3.225	1.092	-1.40	10.8	3.225	1.053	-0.97	275.3	3.225	1.039	-0.93	11.1	3.225	0.898	0.30	9.5	3.225	1.017	1.19	9.6	3.225	1.125	2.04	-32.3	3.225	1.166	1.32	-53.9	3.225	1.022	1.11	194.6	3.225	0.976	1.09	9.3	3.225	1.066	-1.74	10.0
3.250	1.070	3.38	-28.7	3.250	0.923	-1.38	9.7	3.250	1.039	-8.56	139.8	3.250	1.020	-0.65	10.7	3.250	1.060	-1.13	10.0	3.250	1.397	6.88	19.4	3.250	1.018	-0.64	10.7	3.250	0.908	0.53	9.5	3.250	1.050	1.43	10.1	3.250	1.179	0.19	-74.2	3.250	1.175	-0.67	-57.5	3.250	1.050	0.88	115.1	3.250	1.006	1.32	9.1	3.250	1.026	-1.50	9.5
3.275	1.167	1.35	-104.9	3.275	0.891	-1.14	9.3	3.275	1.030	-0.16	174.7	3.275	1.007	-0.36	10.4	3.275	1.036	-0.90	9.3	3.275	1.397	-5.59E-4	-137.5	3.275	1.007	-0.39	8.3	3.275	0.925	0.77	9.6	3.275	1.088	1.70	11.3	3.275	1.135	-1.67	-32.8	3.275	1.133	-1.55	-10.5	3.275	1.066	6.87	127.6	3.275	1.042	1.55	10.4	3.275	0.991	-1.26	9.5
3.300	1.137	-1.87	-76.7	3.300	0.866	-0.91	9.1	3.300	1.031	0.17	11.7	3.300	1.002	-0.13	9.0	3.300	1.015	-0.67	9.9	3.300	1.397	0.00	19.6	3.300	0.999	-0.23	8.5	3.300	0.947	1.02	9.6	3.300	1.134	2.00	-29.7	3.300	1.096	-1.44	8.8	3.300	1.097	-1.19	11.1	3.300	1.394	7.26	-230.6	3.300	1.084	1.84	8.1	3.300	0.963	-1.02	9.6
3.325	1.073	-2.49	-7.8	3.325	0.846	-0.68	9.6	3.325	1.039	0.42	-6.5	3.325	1.001	0.09	9.2	3.325	1.002	-0.40	10.9	3.325	1.397	0.98	-130.3	3.325	0.995	0.03	9.3	3.325	0.975	1.25	9.5	3.325	1.188	0.21	-72.2	3.325	1.063	-1.23	8.8	3.325	1.073	-1.00	14.0	3.325	1.429	-4.66	-279.7	3.325	1.134	1.96	-36.4	3.325	0.940	-0.78	9.5
3.350	1.013	-2.26	10.1	3.350	0.832	-0.43	10.2	3.350	1.052	-0.15	146.5	3.350	1.006	0.33	9.6	3.350	0.995	-0.12	10.3	3.350	1.446	-6.51	-38.7	3.350	1.000	0.24	8.0	3.350	1.010	1.49	10.3	3.350	1.145	-1.61	-31.9	3.350	1.034	-1.00	9.7	3.350	1.047	-0.49	11.3	3.350	1.160	-6.73	188.1	3.350	1.182	0.02	-74.6	3.350	0.923	-0.55	9.6
3.375	0.960	-1.98	10.3	3.375	0.824	-0.17	10.0	3.375	1.031	7.75	43.5	3.375	1.018	0.57	9.5	3.375	0.996	0.11	8.8	3.375	1.071	-0.96	258.8	3.375	1.007	0.43	9.1	3.375	1.050	1.77	14.2	3.375	1.107	-1.38	9.4	3.375	1.012	-0.74	10.3	3.375	1.049	-0.44	-3.8	3.375	1.093	4.74	256.4	3.375	1.135	-1.77	-31.0	3.375	0.913	-0.30	9.7
3.400	0.914	-1.74	9.3	3.400	0.823	0.07	9.6	3.400	1.440	2.02	-268.2	3.400	1.035	0.81	9.5	3.400	1.001	0.32	9.7	3.400	1.398	6.43	18.8	3.400	1.022	0.69	10.7	3.400	1.098	2.20	-15.0	3.400	1.076	-1.14	9.6	3.400	0.997	-0.49	10.1	3.400	1.025	-0.68	5.9	3.400	1.397	6.09	-94.6	3.400	1.093	-1.53	10.2	3.400	0.908	-0.06	9.6
3.425	0.873	-1.51	11.0	3.425	0.827	0.30	9.4	3.425	1.132	-5.66	80.3	3.425	1.058	1.05	9.5	3.425	1.012	0.60	11.6	3.425	1.393	-0.02	-126.9	3.425	1.042	0.97	11.3	3.425	1.160	1.02	-65.7	3.425	1.050	-0.90	9.4	3.425	0.988	-0.24	9.8	3.425	1.015	-0.14	16.7	3.425	1.397	0.01	-123.3	3.425	1.059	-1.26	10.3	3.425	0.910	0.17	9.6
3.450	0.838	-1.19	10.7	3.450	0.838	0.53	9.0	3.450	1.157	6.04	122.8	3.450	1.087	1.28	12.7	3.450	1.031	0.90	11.5	3.450	1.397	0.08	0.4	3.450	1.070	1.26	10.9	3.450	1.149	-1.08	-53.1	3.450	1.031	-0.67	9.4	3.450	0.985	2.55E-4	9.5	3.450	1.018	0.15	10.7	3.450	1.398	-0.07	-0.4	3.450	1.030	-1.02	10.6	3.450	0.917	0.42	9.7
3.475	0.814	-0.98	7.5	3.475	0.854	0.75	9.0	3.475	1.434	0.48	-235.6	3.475	1.122	1.68	-11.2	3.475	1.057	1.17	8.6	3.475	1.397	0.00	-1.7	3.475	1.105	1.51	9.3	3.475	1.106	-1.63	-6.3	3.475	1.017	-0.43	9.6	3.475	0.988	0.24	9.6	3.475	1.022	0.39	11.7	3.475	1.394	-0.01	2.9	3.475	1.008	-0.73	10.6	3.475	0.930	0.66	9.4
3.500	0.789	-0.82	8.7	3.500	0.876	0.99	9.6	3.500	1.181	-5.74	-45.3	3.500	1.172	0.72	-52.0	3.500	1.090	1.33	12.6	3.500	1.397	0.00	-0.2	3.500	1.145	1.73	-26.7	3.500	1.068	-1.40	9.9	3.500	1.009	-0.19	9.6	3.500	0.997	0.48	9.7	3.500	1.037	0.74	5.2	3.500	1.397	0.07	0.2	3.500	0.994	-0.49	8.9	3.500	0.950	0.89	9.4
3.525	0.773	-0.54	10.4	3.525	0.903	1.23	9.7	3.525	1.147	-1.78		3.525	1.158	-0.92	-38.3	3.525	1.123	1.80	0.6	3.525	1.397	0.00	0.1	3.525	1.192	0.17	-62.4	3.525	1.036	-1.14	10.1	3.525	1.008	0.05	9.5	3.525	1.012	0.72	9.5	3.525	1.059	0.65	2.3	3.525	1.397	0.00	-1.4	3.525	0.984	-0.29	11.1	3.525	0.975	1.13	9.5
3.550	0.762	-0.30	9.6	3.550	0.937	1.47	10.4					3.550	1.126	-1.19	-0.7	3.550	1.180	1.36	-44.8	3.550	1.397	0.00	0.1	3.550	1.154	-1.39	-27.0	3.550	1.011	-0.89	9.8	3.550	1.012	0.29	9.4	3.550	1.033	0.96	10.4	3.550	1.070	0.85	13.6	3.550	1.397	5.59E-4	-0.1	3.550	0.979	0.07	13.6	3.550	1.006	1.37	9.6
3.575	0.758	-0.06	9.7	3.575	0.977	1.75	10.5					3.575	1.099	-0.95	9.4	3.575	1.191	-0.43	-52.3	3.575	1.397	0.00	-0.1	3.575	1.122	-1.18	9.2	3.575	0.992	-0.64	9.8	3.575	1.022	0.52	9.3	3.575	1.060	1.24	11.1	3.575	1.102	1.33	13.2	3.575	1.397	0.00	0.0	3.575	0.987	0.39	10.3	3.575	1.043	1.61	12.0
3.600	0.759	0.18	9.7	3.600	1.025	2.00	11.3					3.600	1.078	-0.72	9.3	3.600	1.158	-1.26	-14.9	3.600	1.397	-5.59E-4	0.1	3.600	1.095	-0.93	9.8	3.600	0.979	-0.40	10.2	3.600	1.038	0.75	9.9	3.600	1.095	1.51	9.3	3.600	1.136	1.51		3.600	1.397	-5.59E-4	0.2	3.600	0.999	0.58	7.8	3.600	1.086	1.96	-2.3
3.625	0.767	0.42	9.7	3.625	1.077	2.31	-2.4					3.625	1.063	-0.49	9.2	3.625	1.128	-1.18	10.9	3.625	1.397	0.00	0.2	3.625	1.075	-0.69	9.5	3.625	0.972	-0.13	10.2	3.625	1.059	1.01	10.1	3.625	1.135	1.70	-28.4					3.625	1.397	0.00	0.0	3.625	1.016	0.79	4.8	3.625	1.141	1.49	-49.2
3.650	0.781	0.67	9.6	3.650	1.141	1.88	-54.4					3.650	1.054	-0.26	9.4	3.650	1.099	-0.71	14.7	3.650	1.397	0.01	0.0	3.650	1.061	-0.46	8.3	3.650	0.972	0.11	9.1	3.650	1.088	1.26	11.3	3.650	1.180	0.09	-61.9					3.650	1.397	0.00	-0.1	3.650	1.038	0.82	19.0	3.650	1.161	-0.50	-63.1
3.675	0.800	0.90	8.5	3.675	1.171	-0.41	-75.7					3.675	1.050	-0.02	9.6	3.675	1.093	-0.44	5.2	3.675	1.397	0.00	-0.2	3.675	1.052	-0.27	8.3	3.675	0.977	0.32	8.7	3.675	1.122	1.58	-2.8	3.675	1.140	-1.39	-22.1					3.675	1.397	5.59E-4	-0.1	3.675	1.057	1.74	117.3	3.675	1.117	-1.66	-18.5
3.700	0.826	1.09	9.2	3.700	1.120	-1.91	-25.1					3.700	1.053	0.22	9.5	3.700	1.077	-0.45	7.8	3.700	1.397	0.00	-0.2	3.700	1.047	-0.04	10.5	3.700	0.988	0.55	8.4	3.700	1.167	1.12	-41.2	3.700	1.110	-1.01	10.3					3.700	1.397	0.00	0.0	3.700	1.125	6.69	81.4	3.700	1.078	-1.42	9.5
3.725	0.855	1.37	11.1	3.725	1.076	-1.66	9.3					3.725	1.061	0.46	9.5	3.725	1.070	-0.05	-2.5	3.725	1.397	0.00	0.1	3.725	1.050	0.25	11.7	3.725	1.004	0.74	8.7	3.725	1.178	-0.48	-47.9	3.725	1.089	-0.88	5.5					3.725	1.397	0.00	0.1	3.725	1.392	5.81	-197.8	3.725	1.045	-1.18	9.4
3.750	0.894	1.65	10.0	3.750	1.037	-1.44	9.0					3.750	1.075	0.69	9.4	3.750	1.074	-0.58	130.1	3.750	1.397	0.00	0.1	3.750	1.060	0.54	10.6	3.750	1.025	0.98	10.8	3.750	1.143	-1.28	-11.0	3.750	1.067	-0.74	8.5					3.750	1.397	0.00	0.0	3.750	1.415	-3.20	-230.5	3.750	1.019	-0.95	9.6
3.775	0.938	1.87	9.3	3.775	1.004	-1.21	9.7					3.775	1.096	0.93	10.9	3.775	1.041	6.45	153.7	3.775	1.397	0.00	0.0	3.775	1.077	0.78	8.6	3.775	1.054	1.28	11.6	3.775	1.114	-1.03	7.6	3.775	1.052	-0.45	11.8					3.775	1.397	-5.59E-4		3.775	1.231	-5.72	9.6	3.775	0.998	-0.70	9.7
3.800	0.987	2.12	10.3	3.800	0.976	-0.95	10.0					3.800	1.122	1.24	2.6	3.800	1.397	7.11	-129.0	3.800	1.397	0.00	0.0	3.800	1.099	0.97	9.9	3.800	1.089	1.56	9.6	3.800	1.091	-0.89	120.8	3.800	1.044	-0.15	13.7									3.800	1.130	-2.72	90.3	3.800	0.984	-0.46	9.5
3.825	1.043	2.38	11.8	3.825	0.956	-0.72	9.5					3.825	1.158	1.06	-29.8	3.825	1.397	0.00	-142.2	3.825	1.397	0.00	0.0	3.825	1.126	1.28	3.2	3.825	1.132	1.76	-28.5	3.825	1.069	5.01	17.0	3.825	1.045	0.23	13.9									3.825	1.095	-1.20	36.5	3.825	0.975	-0.23	9.6
3.850	1.107	2.70	-41.6	3.850	0.941	-0.48	9.8					3.850	1.175	-0.25	-42.5	3.850	1.397	0.00	0.0	3.850	1.397	0.00	0.0	3.850	1.163	1.13	-30.2	3.850	1.177	0.14	-62.8	3.850	1.342	-0.05	-211.3	3.850	1.055	0.54	4.9									3.850	1.070	-0.90	11.0	3.850	0.972	0.01	9.7
3.875	1.179	0.30	-98.2	3.875	0.932	-0.23	9.6					3.875	1.145	-1.07	-11.7	3.875	1.397	0.00	0.0	3.875	1.397	0.00	0.0	3.875	1.182	-0.23	-45.0	3.875	1.139	-1.38	-26.8	3.875	1.067	-5.56	2.1	3.875	1.072	0.48	1.6									3.875	1.050	-0.65	9.7	3.875	0.975	0.26	9.7
3.900	1.122	-2.20	-46.0	3.900	0.929	0.00	9.3					3.900	1.121	-0.84	9.4	3.900	1.397	0.00	0.0	3.900	1.397	-5.59E-4	0.1	3.900	1.151	-1.12	-13.4	3.900	1.108	-1.20	7.3	3.900	1.064	0.06	118.6	3.900	1.079	0.62	14.7									3.900	1.037	-0.41	9.6	3.900	0.985	0.50	9.6
3.925	1.068	-2.00	9.1	3.925	0.932	0.24	9.4					3.925	1.103	-0.60	9.5	3.925	1.397	0.00	0.0	3.925	1.397	0.00	0.0	3.925	1.126	-0.90	9.2	3.925	1.079	-1.02	9.3	3.925	1.070	0.37	11.1	3.925	1.103	1.21	13.1									3.925	1.029	-0.17	9.6	3.925	1.000	0.74	9.6
3.950	1.022	-1.75	9.6	3.950	0.941	0.47	9.4					3.950	1.091	-0.36	9.5	3.950	1.397	-5.59E-4	0.1	3.950	1.397	5.59E-4	-0.2	3.950	1.106	-0.66	10.1	3.950	1.057	-0.74	10.4	3.950	1.082	0.61	9.6	3.950	1.140	1.28	-8.9									3.950	1.028	0.06	9.5	3.950	1.022	0.98	9.6
3.975	0.981	-1.52	8.9	3.975	0.956	0.70	9.4					3.975	1.085	-0.13	9.5	3.975	1.397	0.00	0.0	3.975	1.397	0.00	0.0	3.975	1.093	-0.40	10.0	3.975	1.042	-0.50	9.4	3.975	1.101	0.85	9.9	3.975	1.167	0.77	-45.5									3.975	1.033	0.30	9.6	3.975	1.049	1.22	10.0
4.000	0.946	-1.30	9.5	4.000	0.976	0.94	9.4					4.000	1.085	0.11	9.1	4.000	1.397	0.00	-0.1	4.000	1.397	0.00	0.1	4.000	1.086	-0.16	10.5	4.000	1.032	-0.26	9.7	4.000	1.125	1.11	12.7	4.000	1.178	-0.99	69.3									4.000	1.044	0.54	9.5	4.000	1.083	1.48	12.2
4.025	0.916	-1.05	10.2	4.025	1.003	1.17	9.5					4.025	1.091	0.33	8.6	4.025	1.397	0.00	0.0	4.025	1.397	0.00	0.0	4.025	1.085	0.13	9.6	4.025	1.029	-0.01	10.0	4.025	1.156	1.49	-16.1	4.025	1.117	4.23	149.6									4.025	1.060	0.78	9.7	4.025	1.123	1.83	-24.4
4.050	0.893	-0.79	9.9	4.050	1.035	1.42	9.5					4.050	1.101	0.54	9.5	4.050	1.397	0.00	0.0	4.050	1.397	0.00	0.0	4.050	1.093	0.32	7.3	4.050	1.032	0.23	9.4	4.050	1.199	0.30	-51.6	4.050	1.390	6.49	-198.9									4.050	1.082	1.03	10.7	4.050	1.174	0.26	-65.5
4.075	0.876	-0.55	9.8	4.075	1.074	1.65	13.4					4.075	1.118	0.81	13.2	4.075	1.397	-5.59E-4	0.1	4.075	1.397	-5.59E-4	0.1	4.075	1.101	0.50	9.5	4.075	1.040	0.46	9.1	4.075	1.171	-1.09	-24.6	4.075	1.442	-5.72	-263.4									4.075	1.111	1.32	6.1	4.075	1.136	-1.45	-30.2
4.100	0.866	-0.30	9.8	4.100	1.118	2.09	-15.5					4.100	1.142	1.20	-9.8	4.100	1.397	0.00	0.0	4.100	1.397	0.00	0.1	4.100	1.118	0.79	13.0	4.100	1.055	0.69	9.3	4.100	1.145	-0.93	7.9	4.100	1.104	-6.68	103.2									4.100	1.148	1.33	-27.9	4.100	1.102	-1.25	8.7
4.125	0.861	-0.06	10.1	4.125	1.178	0.88	-64.6					4.125	1.178	0.32	-40.9	4.125	1.397	0.00	-0.1	4.125	1.397	0.00	-0.1	4.125	1.141	1.15	-3.9	4.125	1.075	0.92	9.5	4.125	1.124	-0.70	9.3	4.125	1.107	-0.56	246.7									4.125	1.178	-0.08	-51.3	4.125	1.074	-1.01	9.6
4.150	0.862	0.20	10.3	4.150	1.161	-1.14	-46.5					4.150	1.157	-0.84	-20.9	4.150	1.397	0.00	0.0	4.150	1.397	5.59E-4	-0.1	4.150	1.175	0.60	-34.4	4.150	1.101	1.16	13.3	4.150	1.110	-0.46	9.3	4.150	1.076	5.65	139.6									4.150	1.144	-1.23	-17.3	4.150	1.051	-0.77	9.7
4.175	0.871	0.45	9.3	4.175	1.121	-1.45	-1.9					4.175	1.136	-0.73	6.9	4.175	1.397	0.00	0.0	4.175	1.397	0.00	-0.1	4.175	1.170	-0.57	-28.6	4.175	1.133	1.59	-13.7	4.175	1.101	-0.23	9.5	4.175	1.390	6.42	-110.1									4.175	1.117	-0.94	10.6	4.175	1.035	-0.53	9.8
4.200	0.885	0.67	9.1	4.200	1.089	-1.23	8.3					4.200	1.121	-0.50	9.4	4.200	1.397	0.00	0.0	4.200	1.397	0.00	0.1	4.200	1.147	-0.83	0.6	4.200	1.180	0.48	-52.8	4.200	1.098	0.01	11.0	4.200	1.397	0.14	-128.5									4.200	1.097	-0.70	8.7	4.200	1.025	-0.28	9.7
4.225	0.905	0.90	9.3	4.225	1.059	-1.04	9.6					4.225	1.111	-0.26	9.4	4.225	1.397	5.59E-4	-0.1	4.225	1.397	-5.59E-4	0.1	4.225	1.129	-0.54	10.6	4.225	1.157	-1.05	-30.3	4.225	1.102	0.32	12.3	4.225	1.397	0.00	10.4									4.225	1.082	-0.51	8.5	4.225	1.021	-0.05	9.5
4.250	0.930	1.13	9.4	4.250	1.037	-0.75	10.5					4.250	1.108	-0.02		4.250	1.397	0.00	0.0	4.250	1.397	0.00	0.2	4.250	1.120	-0.30	7.6	4.250	1.128	-1.04	5.2	4.250	1.114	0.63	7.9	4.250	1.397	0.67	-90.5									4.250	1.071	-0.27	9.6	4.250	1.023	0.19	9.4
4.275	0.961	1.37	9.4	4.275	1.022	-0.51	9.1									4.275	1.397	-5.59E-4	0.2	4.275	1.397	0.01	0.0	4.275	1.114	-0.16	7.2	4.275	1.105	-0.80	9.6	4.275	1.133	0.72	5.5	4.275	1.430	-4.53	-30.1									4.275	1.068	-0.03	10.4	4.275	1.030	0.42	9.4
4.300	0.998	1.60	10.3	4.300	1.011	-0.30	9.0									4.300	1.397	0.00	0.0	4.300	1.398	5.59E-4	-0.2	4.300	1.112	0.06	10.1	4.300	1.088	-0.56	9.4	4.300	1.150	0.91		4.300	1.171	-0.84	181.0									4.300	1.070	0.24	10.3	4.300	1.044	0.66	9.5
4.325	1.041	1.89	14.3	4.325	1.007	-0.06	9.5									4.325	1.397	0.00	-0.1	4.325	1.397	0.00	0.4	4.325	1.117	0.35	10.5	4.325	1.077	-0.33	9.5					4.325	1.389	4.53										4.325	1.080	0.48	9.8	4.325	1.063	0.90	9.7
4.350	1.093	2.32	-13.3	4.350	1.008	0.18	9.4									4.350	1.397	5.59E-4	-0.1	4.350	1.397	0.02	-3.1	4.350	1.129	0.59	11.8	4.350	1.072	-0.09	9.6																	4.350	1.094	0.74	11.6	4.350	1.089	1.14	13.3
4.375	1.157	1.22	-66.6	4.375	1.016	0.41	9.0									4.375	1.397	0.00	-0.1	4.375	1.398	-0.16	-0.8	4.375	1.147	0.94	-3.7	4.375	1.073	0.16	9.7																	4.375	1.117	1.06	12.6	4.375	1.121	1.56	-12.0
4.400	1.154	-1.01	-59.8	4.400	1.029	0.63	9.2									4.400	1.397	0.00	0.1	4.400	1.389	-0.02	8.0	4.400	1.176	0.41	-30.3	4.400	1.079	0.40	9.5																	4.400	1.147	1.36	-11.5	4.400	1.167	0.54	-51.0
4.425	1.107	-1.77	-10.5	4.425	1.047	0.87	9.6									4.425	1.397	-5.59E-4	0.1	4.425	1.398	0.24	-21.6	4.425	1.167	-0.58	-21.6	4.425	1.093	0.63	8.9																	4.425	1.185	0.49	-44.6	4.425	1.148	-0.99	-32.7
4.450	1.065	-1.54	9.0	4.450	1.072	1.11	9.5									4.450	1.397	0.00		4.450	1.401	-1.09	-40.5	4.450	1.147	-0.67	3.0	4.450	1.111	0.84	10.9																	4.450	1.171	-0.87	-31.1	4.450	1.117	-1.09	2.7
4.475	1.030	-1.32	9.1	4.475	1.103	1.34	13.3													4.475	1.343	-1.78	22.7	4.475	1.133	-0.43	9.8	4.475	1.135	1.18	-1.1																	4.475	1.142	-1.07	1.0	4.475	1.093	-0.85	9.7
4.500	0.999	-1.09	10.1	4.500	1.139	1.77	-13.3													4.500	1.312	0.04	47.0	4.500	1.126	-0.18	8.8	4.500	1.170	0.79	-32.0																	4.500	1.118	-0.82	11.1	4.500	1.075	-0.61	9.7
4.525	0.975	-0.82	10.3	4.525	1.191	0.68	-55.9													4.525	1.345	0.56	16.3	4.525	1.124	0.01	8.8	4.525	1.174	-0.42	-33.8																	4.525	1.101	-0.51	11.8	4.525	1.063	-0.37	9.7
4.550	0.958	-0.57	9.8	4.550	1.173	-1.02	-36.4													4.550	1.340	0.85	-2.7	4.550	1.126	0.25	11.6	4.550	1.148	-0.90	4.0																	4.550	1.092	-0.23	10.5	4.550	1.057	-0.12	9.7
4.575	0.947	-0.33	9.6	4.575	1.140	-1.14	2.6													4.575	1.388	0.43	-25.1	4.575	1.137	0.59	11.2	4.575	1.129	-0.22	13.5																	4.575	1.089	0.01	9.7	4.575	1.056	0.12	9.4
4.600	0.942	-0.09	9.4	4.600	1.116	-0.90	9.7													4.600	1.362	-0.40	-4.5	4.600	1.156	0.81	-11.5	4.600	1.137	-0.22	-6.6																	4.600	1.093	0.25	9.4	4.600	1.062	0.35	9.4
4.625	0.942	0.14	9.5	4.625	1.095	-0.66	10.7													4.625	1.367	0.21	10.4	4.625	1.178	0.01	-30.2	4.625	1.118	-0.55	2.3																	4.625	1.102	0.48	9.2	4.625	1.074	0.58	9.6
4.650	0.949	0.38	9.7	4.650	1.083	-0.36	9.7													4.650	1.372	0.12	0.8	4.650	1.156	-0.70	-8.7	4.650	1.110	-0.11	16.1																	4.650	1.117	0.71	12.3	4.650	1.091	0.83	11.2
4.675	0.961	0.62	9.7	4.675	1.077	-0.17	7.0													4.675	1.373	0.25	0.6	4.675	1.143	-0.42	10.6	4.675	1.113	0.25	12.2																	4.675	1.137	1.09	-5.7	4.675	1.115	1.14	1.9
4.700	0.980	0.87	9.6	4.700	1.074	-0.01	9.2													4.700	1.384	0.15	-7.3	4.700	1.135	-0.17	9.7	4.700	1.122	0.50	9.8																	4.700	1.171	0.43	-35.8	4.700	1.149	0.92	-28.9
4.725	1.005	1.11	10.2	4.725	1.077	0.29	10.9													4.725	1.381	-0.12	-4.0	4.725	1.134	0.07	9.6	4.725	1.138	0.74	12.1																	4.725	1.159	-0.69	-23.3	4.725	1.161	-0.30	-38.3
4.750	1.035	1.38	10.1	4.750	1.089	0.53	7.8													4.750	1.378	-0.05	2.3	4.750	1.139	0.31	11.2	4.750	1.159	1.11	-8.7																	4.750	1.137	-0.74	3.7	4.750	1.133	-0.99	-9.1
4.775	1.073	1.61	13.5	4.775	1.103	0.68	10.6													4.775	1.378	-0.01	0.9	4.775	1.150	0.63	-1.2	4.775	1.193	0.31	-36.7																	4.775	1.122	-0.51	9.4	4.775	1.112	-0.75	9.5
4.800	1.116	2.05	-20.5	4.800	1.122	1.06	11.8													4.800	1.378	0.00	0.1	4.800	1.170	0.25	-20.6	4.800	1.175	-0.73	-17.3																	4.800	1.111	-0.27	10.3	4.800	1.096	-0.52	9.5
4.825	1.176	0.59	-68.8	4.825	1.156	1.27	2.5													4.825	1.378	-5.51E-4	0.2	4.825	1.162	-0.40	-12.3	4.825	1.157	-0.56	6.6																	4.825	1.109	0.01	10.0	4.825	1.086	-0.28	9.7
4.850	1.145	-1.39	-40.5	4.850	1.186	1.19	-30.0													4.850	1.378	0.00	0.0	4.850	1.150	-0.37	5.3	4.850	1.147	-0.40	6.8																	4.850	1.111	0.23	9.3	4.850	1.082	-0.03	9.8
4.875	1.107	-1.43	4.0	4.875	1.216	-0.23	48.9													4.875	1.378	0.00	-0.3	4.875	1.144	-0.14	8.8	4.875	1.137	-0.22	9.3																	4.875	1.120	0.47	10.5	4.875	1.084	0.21	9.7
4.900	1.074	-1.19	9.3	4.900	1.174	3.63	93.8													4.900	1.378	-0.01	-0.2	4.900	1.143	0.07	9.7	4.900	1.136	0.07	11.9																	4.900	1.135	0.75	6.8	4.900	1.092	0.45	9.5
4.925	1.047	-0.97	8.8	4.925	1.397	4.46	-72.7													4.925	1.378	-0.01	-0.1	4.925	1.147	0.35	5.7	4.925	1.140	0.37	11.5																	4.925	1.158	0.81	-17.7	4.925	1.107	0.69	11.4
4.950	1.025	-0.74	9.7	4.950	1.397	0.00	-89.2													4.950	1.377	-0.01	0.4	4.950	1.160	0.36	-9.4	4.950	1.154	0.65	10.6																	4.950	1.175	-0.13	-31.9	4.950	1.127	1.02	-0.3
4.975	1.010	-0.48	10.1	4.975	1.397	0.00	-0.3													4.975	1.377	0.01	0.3	4.975	1.165	-0.13	-13.4	4.975	1.173	0.90	-7.6																	4.975	1.151	-0.79	-7.2	4.975	1.158	0.67	-28.5
5.000	1.001	-0.24	9.7	5.000	1.397	-0.02	-0.1													5.000	1.378	-2.81E-4	0.8	5.000	1.154	-0.31	1.2	5.000	1.199	0.26	-27.9																	5.000	1.136	-0.49	10.9	5.000	1.160	-0.40	-29.1
5.025	0.998	0.00	9.6	5.025	1.397	0.00	0.6													5.025	1.377	0.05	1.1	5.025	1.150	-0.07	9.5	5.025	1.186	-0.49	-13.2																	5.025	1.127	-0.24	9.8	5.025	1.137	-0.78	-2.9
5.050	1.001	0.24	9.7	5.050	1.397	0.01	0.0													5.050	1.381	0.05	-1.6	5.050	1.151	0.17	9.0	5.050	1.175	-0.40	5.3																	5.050	1.124	-1.37E-4	9.6	5.050	1.121	-0.55	9.4
5.075	1.010	0.49	9.8	5.075	1.397	-5.59E-4	11.3													5.075	1.380	-0.03	0.6	5.075	1.158	0.38	-3.2	5.075	1.166	-0.23																		5.075	1.127	0.24	9.3	5.075	1.110	-0.31	9.6
5.100	1.026	0.73	10.1	5.100	1.397	0.58	-78.9													5.100	1.379	0.08	3.6	5.100	1.170	0.01	-14.5																					5.100	1.136	0.47	10.5	5.100	1.105	-0.07	
5.125	1.047	0.99	10.0	5.125	1.426	-3.94	-23.0													5.125	1.384	0.15	-0.5	5.125	1.158	-0.34	-2.1																					5.125	1.150	0.76	-7.3				
5.150	1.075	1.23	11.1	5.150	1.200	-0.57	157.7													5.150	1.387	0.05	-2.7	5.150	1.153	-0.10	10.8																					5.150	1.174	0.10	-28.1				
5.175	1.108	1.55	-2.2	5.175	1.397	3.94	11.5													5.175	1.387	0.02	-2.1	5.175	1.153	0.20	5.5																					5.175	1.155	-0.64	-10.4				
5.200	1.153	1.12	-40.2	5.200	1.397	0.00	-78.9													5.200	1.388	-0.05	-2.2	5.200	1.163	0.18	-6.5																					5.200	1.142	-0.42	9.3				
5.225	1.164	-0.46	-48.1	5.225	1.397	5.59E-4	-0.1													5.225	1.384	-0.09	2.0	5.225	1.162	-0.13	-5.9																					5.225	1.134	-0.18	9.7				
5.250	1.129	-1.28	-11.7	5.250	1.397	0.00	-0.1													5.250	1.383	0.05	3.4	5.250	1.156	-0.12	5.8																					5.250	1.133	0.07	10.5				
5.275	1.100	-1.04	9.6	5.275	1.397	0.00	0.1													5.275	1.386	0.08	0.6	5.275	1.156	0.16	5.2																					5.275	1.138	0.35	12.3				
5.300	1.077	-0.80	9.6	5.300	1.397	0.00	0.2													5.300	1.387	0.08	-0.4	5.300	1.164	0.14	-4.7																					5.300	1.150	0.68	-2.9				
5.325	1.060	-0.56	9.5	5.325	1.397	0.00	-0.1													5.325	1.390	0.06	-1.6	5.325	1.163	-0.08	-2.2																					5.325	1.172	0.20	-22.5				
5.350	1.049	-0.33	9.4	5.350	1.397	5.59E-4	-0.2													5.350	1.390	0.00	-1.9	5.350	1.160	0.03	3.6																					5.350	1.160	-0.44	-10.5				
5.375	1.044	-0.09	8.9	5.375	1.397	0.00	0.0													5.375	1.390	-0.04	-0.9	5.375	1.165	0.11	-0.2																					5.375	1.150	-0.32	8.2				
5.400	1.045	0.12	8.6	5.400	1.397	-5.59E-4	0.2													5.400	1.388	-0.05	0.1	5.400	1.166	0.02	-0.2																					5.400	1.144	-0.03	11.0				
5.425	1.050	0.34	9.7	5.425	1.397	0.00	0.0													5.425	1.388	-0.03		5.425	1.166	0.09	0.3																					5.425	1.148	0.23	8.8				
5.450	1.061	0.60	10.3	5.450	1.397	0.00	-0.1																	5.450	1.170	0.03	-2.3																					5.450	1.155	0.41	-1.5				
5.475	1.080	0.85	10.2	5.475	1.397	0.00	0.0																	5.475	1.167	-0.02																						5.475	1.168	0.15	-14.2				
5.500	1.104	1.12	11.3	5.500	1.397	0.00	0.0																																									5.500	1.163	-0.30	-9.4				
5.525	1.136	1.42	-19.0	5.525	1.397	0.00	0.0																																									5.525	1.153	-0.31	4.4				
5.550	1.175	0.17	-51.4	5.550	1.397	0.00	0.0																																									5.550	1.147	-0.08	11.0				
5.575	1.144	-1.15	-22.0	5.575	1.397	0.00	0.0																																									5.575	1.149	0.23	7.2				
5.600	1.118	-0.93	10.0	5.600	1.397	0.00	0.0																																									5.600	1.159	0.28	-6.7				
5.625	1.097	-0.65	10.7	5.625	1.397	5.59E-4	-0.1																																									5.625	1.163	-0.10	-10.2				
5.650	1.085	-0.40	9.4	5.650	1.397	0.00	0.0																																									5.650	1.154	-0.23	2.3				
5.675	1.077	-0.18	9.0	5.675	1.397	-5.59E-4																																										5.675	1.151	0.01	10.4				
5.700	1.076	0.05	9.0																																													5.700	1.155	0.29	1.1				
5.725	1.080	0.26	8.6																																													5.725	1.166	0.07	-10.2				
5.750	1.089	0.48	9.3																																													5.750	1.158	-0.22					
5.775	1.104	0.73	11.2																																																				
5.800	1.125	1.04	2.1																																																				
5.825	1.156	0.83	-26.8																																																				
5.850	1.167	-0.30	-34.5																																																				
5.875	1.142	-0.89	-7.0																																																				
5.900	1.122	-0.65	9.8																																																				
5.925	1.109	-0.40	9.7																																																				
5.950	1.102	-0.16	9.6																																																				
5.975	1.101	0.08	9.6																																																				
6.000	1.106	0.32	9.5																																																				
6.025	1.117	0.56	11.9																																																				
6.050	1.134	0.92	4.3																																																				
6.075	1.163	0.77	-24.4																																																				
6.100	1.173	-0.30	-31.5																																																				
6.125	1.148	-0.81	-4.5																																																				
6.150	1.132	-0.53	10.6																																																				
6.175	1.122	-0.27	10.8																																																				
6.200	1.119	0.01	10.6																																																				
6.225	1.122	0.26	10.4																																																				
6.250	1.131	0.53	12.3																																																				
6.275	1.149	0.87	-5.8																																																				
6.300	1.175	0.24	-28.6																																																				
6.325	1.161	-0.56	-13.4																																																				
6.350	1.147	-0.43	7.5																																																				
6.375	1.140	-0.18	9.7																																																				
6.400	1.138	0.05	9.4																																																				
6.425	1.142	0.29	10.9																																																				
6.450	1.153	0.60	1.6																																																				
6.475	1.172	0.37	-17.0																																																				
6.500	1.171	-0.25	-15.3																																																				
6.525	1.160	-0.40	1.3																																																				
6.550	1.151	-0.18	11.6																																																				
6.575	1.151	0.18	16.2																																																				
6.600	1.160	0.63	2.6																																																				
6.625	1.182	0.31	-18.7																																																				
6.650	1.175	-0.31	-11.3																																																				
6.675	1.167	-0.26	7.4																																																				
6.700	1.163	0.06	12.5																																																				
6.725	1.170	0.37	-5.0																																																				
6.750	1.181	-0.19	94.0																																																				
6.775	1.161	5.07	9.6																																																				
6.800	1.435	0.29	-203.2																																																				
6.825	1.175	-5.09	0.6																																																				
6.850	1.180	0.32	102.4																																																				
6.875	1.191	0.03	-18.5																																																				
6.900	1.182	-0.60	98.3																																																				
6.925	1.161	4.94	21.0																																																				
6.950	1.429	0.45	-99.4																																																				
6.975	1.183	-0.03	-6.1																																																				
7.000	1.428	0.14	-15.5																																																				
7.025	1.191	-0.80																																																					
