# header 13
#--------------------------------------
# x=[-10 10] dx=2.0
# y=[-10 10] dy=2.0
# z associate to each x_i y_i
# T associate to each x_i y_i
#
# x1 y1 z1 = xmin       ymin   z1
# x2 y2 z2 = xmin+1*dx  ymin   z2
# x3 y3 z3 = xmin+2*dx  ymin   z3
# ...
#--------------------------------------
# x		 y			z			   T
-1.000000000000000000e+01   -1.000000000000000000e+01   1.811195150951058416e-02   2.999994566419467645e+01
-8.000000000000000000e+00   -1.000000000000000000e+01   1.095709215250808138e-01   2.999967128903628577e+01
-6.000000000000000000e+00   -1.000000000000000000e+01   4.443319973356483210e-01   2.999866703362219411e+01
-4.000000000000000000e+00   -1.000000000000000000e+01   1.207819594160405741e+00   2.999637676003293407e+01
-2.000000000000000000e+00   -1.000000000000000000e+01   2.200790789999711006e+00   2.999339835409872279e+01
0.000000000000000000e+00   -1.000000000000000000e+01   2.688051941039146353e+00   2.999193692792325905e+01
2.000000000000000000e+00   -1.000000000000000000e+01   2.200790789999711006e+00   2.999339835409872279e+01
4.000000000000000000e+00   -1.000000000000000000e+01   1.207819594160405741e+00   2.999637676003293407e+01
6.000000000000000000e+00   -1.000000000000000000e+01   4.443319973356483210e-01   2.999866703362219411e+01
8.000000000000000000e+00   -1.000000000000000000e+01   1.095709215250808138e-01   2.999967128903628577e+01
1.000000000000000000e+01   -1.000000000000000000e+01   1.811195150951058416e-02   2.999994566419467645e+01
-1.000000000000000000e+01   -8.000000000000000000e+00   1.095709215250808138e-01   2.999967128903628577e+01
-8.000000000000000000e+00   -8.000000000000000000e+00   6.628654475775954680e-01   2.999801146956440334e+01
-6.000000000000000000e+00   -8.000000000000000000e+00   2.688051941039146353e+00   2.999193692792325905e+01
-4.000000000000000000e+00   -8.000000000000000000e+00   7.306882745280775637e+00   2.997808735839424088e+01
-2.000000000000000000e+00   -8.000000000000000000e+00   1.331400842242511118e+01   2.996008455235929802e+01
0.000000000000000000e+00   -8.000000000000000000e+00   1.626176660931776752e+01   2.995125434543705367e+01
2.000000000000000000e+00   -8.000000000000000000e+00   1.331400842242511118e+01   2.996008455235929802e+01
4.000000000000000000e+00   -8.000000000000000000e+00   7.306882745280775637e+00   2.997808735839424088e+01
6.000000000000000000e+00   -8.000000000000000000e+00   2.688051941039146353e+00   2.999193692792325905e+01
8.000000000000000000e+00   -8.000000000000000000e+00   6.628654475775954680e-01   2.999801146956440334e+01
1.000000000000000000e+01   -8.000000000000000000e+00   1.095709215250808138e-01   2.999967128903628577e+01
-1.000000000000000000e+01   -6.000000000000000000e+00   4.443319973356483210e-01   2.999866703362219411e+01
-8.000000000000000000e+00   -6.000000000000000000e+00   2.688051941039146353e+00   2.999193692792325905e+01
-6.000000000000000000e+00   -6.000000000000000000e+00   1.090058814217870875e+01   2.996731605252231034e+01
-4.000000000000000000e+00   -6.000000000000000000e+00   2.963087066640052925e+01   2.991123895629374729e+01
-2.000000000000000000e+00   -6.000000000000000000e+00   5.399096651318805584e+01   2.983846356826627400e+01
0.000000000000000000e+00   -6.000000000000000000e+00   6.594471541494125688e+01   2.980281672806891180e+01
2.000000000000000000e+00   -6.000000000000000000e+00   5.399096651318805584e+01   2.983846356826627400e+01
4.000000000000000000e+00   -6.000000000000000000e+00   2.963087066640052925e+01   2.991123895629374729e+01
6.000000000000000000e+00   -6.000000000000000000e+00   1.090058814217870875e+01   2.996731605252231034e+01
8.000000000000000000e+00   -6.000000000000000000e+00   2.688051941039146353e+00   2.999193692792325905e+01
1.000000000000000000e+01   -6.000000000000000000e+00   4.443319973356483210e-01   2.999866703362219411e+01
-1.000000000000000000e+01   -4.000000000000000000e+00   1.207819594160405741e+00   2.999637676003293407e+01
-8.000000000000000000e+00   -4.000000000000000000e+00   7.306882745280775637e+00   2.997808735839424088e+01
-6.000000000000000000e+00   -4.000000000000000000e+00   2.963087066640052925e+01   2.991123895629374729e+01
-4.000000000000000000e+00   -4.000000000000000000e+00   8.054505729389670421e+01   2.975933534662616964e+01
-2.000000000000000000e+00   -4.000000000000000000e+00   1.467626631737399236e+02   2.956292715438685192e+01
0.000000000000000000e+00   -4.000000000000000000e+00   1.792563215953379085e+02   2.946702228807877688e+01
2.000000000000000000e+00   -4.000000000000000000e+00   1.467626631737399236e+02   2.956292715438685192e+01
4.000000000000000000e+00   -4.000000000000000000e+00   8.054505729389670421e+01   2.975933534662616964e+01
6.000000000000000000e+00   -4.000000000000000000e+00   2.963087066640052925e+01   2.991123895629374729e+01
8.000000000000000000e+00   -4.000000000000000000e+00   7.306882745280775637e+00   2.997808735839424088e+01
1.000000000000000000e+01   -4.000000000000000000e+00   1.207819594160405741e+00   2.999637676003293407e+01
-1.000000000000000000e+01   -2.000000000000000000e+00   2.200790789999711006e+00   2.999339835409872279e+01
-8.000000000000000000e+00   -2.000000000000000000e+00   1.331400842242511118e+01   2.996008455235929802e+01
-6.000000000000000000e+00   -2.000000000000000000e+00   5.399096651318805584e+01   2.983846356826627400e+01
-4.000000000000000000e+00   -2.000000000000000000e+00   1.467626631737399236e+02   2.956292715438685192e+01
-2.000000000000000000e+00   -2.000000000000000000e+00   2.674190077642513188e+02   2.920837493184458467e+01
0.000000000000000000e+00   -2.000000000000000000e+00   3.266263136677123953e+02   2.903595095454375041e+01
2.000000000000000000e+00   -2.000000000000000000e+00   2.674190077642513188e+02   2.920837493184458467e+01
4.000000000000000000e+00   -2.000000000000000000e+00   1.467626631737399236e+02   2.956292715438685192e+01
6.000000000000000000e+00   -2.000000000000000000e+00   5.399096651318805584e+01   2.983846356826627400e+01
8.000000000000000000e+00   -2.000000000000000000e+00   1.331400842242511118e+01   2.996008455235929802e+01
1.000000000000000000e+01   -2.000000000000000000e+00   2.200790789999711006e+00   2.999339835409872279e+01
-1.000000000000000000e+01   0.000000000000000000e+00   2.688051941039146353e+00   2.999193692792325905e+01
-8.000000000000000000e+00   0.000000000000000000e+00   1.626176660931776752e+01   2.995125434543705367e+01
-6.000000000000000000e+00   0.000000000000000000e+00   6.594471541494125688e+01   2.980281672806891180e+01
-4.000000000000000000e+00   0.000000000000000000e+00   1.792563215953379085e+02   2.946702228807877688e+01
-2.000000000000000000e+00   0.000000000000000000e+00   3.266263136677123953e+02   2.903595095454375041e+01
0.000000000000000000e+00   0.000000000000000000e+00   3.989422804014326971e+02   2.882673207327051301e+01
2.000000000000000000e+00   0.000000000000000000e+00   3.266263136677123953e+02   2.903595095454375041e+01
4.000000000000000000e+00   0.000000000000000000e+00   1.792563215953379085e+02   2.946702228807877688e+01
6.000000000000000000e+00   0.000000000000000000e+00   6.594471541494125688e+01   2.980281672806891180e+01
8.000000000000000000e+00   0.000000000000000000e+00   1.626176660931776752e+01   2.995125434543705367e+01
1.000000000000000000e+01   0.000000000000000000e+00   2.688051941039146353e+00   2.999193692792325905e+01
-1.000000000000000000e+01   2.000000000000000000e+00   2.200790789999711006e+00   2.999339835409872279e+01
-8.000000000000000000e+00   2.000000000000000000e+00   1.331400842242511118e+01   2.996008455235929802e+01
-6.000000000000000000e+00   2.000000000000000000e+00   5.399096651318805584e+01   2.983846356826627400e+01
-4.000000000000000000e+00   2.000000000000000000e+00   1.467626631737399236e+02   2.956292715438685192e+01
-2.000000000000000000e+00   2.000000000000000000e+00   2.674190077642513188e+02   2.920837493184458467e+01
0.000000000000000000e+00   2.000000000000000000e+00   3.266263136677123953e+02   2.903595095454375041e+01
2.000000000000000000e+00   2.000000000000000000e+00   2.674190077642513188e+02   2.920837493184458467e+01
4.000000000000000000e+00   2.000000000000000000e+00   1.467626631737399236e+02   2.956292715438685192e+01
6.000000000000000000e+00   2.000000000000000000e+00   5.399096651318805584e+01   2.983846356826627400e+01
8.000000000000000000e+00   2.000000000000000000e+00   1.331400842242511118e+01   2.996008455235929802e+01
1.000000000000000000e+01   2.000000000000000000e+00   2.200790789999711006e+00   2.999339835409872279e+01
-1.000000000000000000e+01   4.000000000000000000e+00   1.207819594160405741e+00   2.999637676003293407e+01
-8.000000000000000000e+00   4.000000000000000000e+00   7.306882745280775637e+00   2.997808735839424088e+01
-6.000000000000000000e+00   4.000000000000000000e+00   2.963087066640052925e+01   2.991123895629374729e+01
-4.000000000000000000e+00   4.000000000000000000e+00   8.054505729389670421e+01   2.975933534662616964e+01
-2.000000000000000000e+00   4.000000000000000000e+00   1.467626631737399236e+02   2.956292715438685192e+01
0.000000000000000000e+00   4.000000000000000000e+00   1.792563215953379085e+02   2.946702228807877688e+01
2.000000000000000000e+00   4.000000000000000000e+00   1.467626631737399236e+02   2.956292715438685192e+01
4.000000000000000000e+00   4.000000000000000000e+00   8.054505729389670421e+01   2.975933534662616964e+01
6.000000000000000000e+00   4.000000000000000000e+00   2.963087066640052925e+01   2.991123895629374729e+01
8.000000000000000000e+00   4.000000000000000000e+00   7.306882745280775637e+00   2.997808735839424088e+01
1.000000000000000000e+01   4.000000000000000000e+00   1.207819594160405741e+00   2.999637676003293407e+01
-1.000000000000000000e+01   6.000000000000000000e+00   4.443319973356483210e-01   2.999866703362219411e+01
-8.000000000000000000e+00   6.000000000000000000e+00   2.688051941039146353e+00   2.999193692792325905e+01
-6.000000000000000000e+00   6.000000000000000000e+00   1.090058814217870875e+01   2.996731605252231034e+01
-4.000000000000000000e+00   6.000000000000000000e+00   2.963087066640052925e+01   2.991123895629374729e+01
-2.000000000000000000e+00   6.000000000000000000e+00   5.399096651318805584e+01   2.983846356826627400e+01
0.000000000000000000e+00   6.000000000000000000e+00   6.594471541494125688e+01   2.980281672806891180e+01
2.000000000000000000e+00   6.000000000000000000e+00   5.399096651318805584e+01   2.983846356826627400e+01
4.000000000000000000e+00   6.000000000000000000e+00   2.963087066640052925e+01   2.991123895629374729e+01
6.000000000000000000e+00   6.000000000000000000e+00   1.090058814217870875e+01   2.996731605252231034e+01
8.000000000000000000e+00   6.000000000000000000e+00   2.688051941039146353e+00   2.999193692792325905e+01
1.000000000000000000e+01   6.000000000000000000e+00   4.443319973356483210e-01   2.999866703362219411e+01
-1.000000000000000000e+01   8.000000000000000000e+00   1.095709215250808138e-01   2.999967128903628577e+01
-8.000000000000000000e+00   8.000000000000000000e+00   6.628654475775954680e-01   2.999801146956440334e+01
-6.000000000000000000e+00   8.000000000000000000e+00   2.688051941039146353e+00   2.999193692792325905e+01
-4.000000000000000000e+00   8.000000000000000000e+00   7.306882745280775637e+00   2.997808735839424088e+01
-2.000000000000000000e+00   8.000000000000000000e+00   1.331400842242511118e+01   2.996008455235929802e+01
0.000000000000000000e+00   8.000000000000000000e+00   1.626176660931776752e+01   2.995125434543705367e+01
2.000000000000000000e+00   8.000000000000000000e+00   1.331400842242511118e+01   2.996008455235929802e+01
4.000000000000000000e+00   8.000000000000000000e+00   7.306882745280775637e+00   2.997808735839424088e+01
6.000000000000000000e+00   8.000000000000000000e+00   2.688051941039146353e+00   2.999193692792325905e+01
8.000000000000000000e+00   8.000000000000000000e+00   6.628654475775954680e-01   2.999801146956440334e+01
1.000000000000000000e+01   8.000000000000000000e+00   1.095709215250808138e-01   2.999967128903628577e+01
-1.000000000000000000e+01   1.000000000000000000e+01   1.811195150951058416e-02   2.999994566419467645e+01
-8.000000000000000000e+00   1.000000000000000000e+01   1.095709215250808138e-01   2.999967128903628577e+01
-6.000000000000000000e+00   1.000000000000000000e+01   4.443319973356483210e-01   2.999866703362219411e+01
-4.000000000000000000e+00   1.000000000000000000e+01   1.207819594160405741e+00   2.999637676003293407e+01
-2.000000000000000000e+00   1.000000000000000000e+01   2.200790789999711006e+00   2.999339835409872279e+01
0.000000000000000000e+00   1.000000000000000000e+01   2.688051941039146353e+00   2.999193692792325905e+01
2.000000000000000000e+00   1.000000000000000000e+01   2.200790789999711006e+00   2.999339835409872279e+01
4.000000000000000000e+00   1.000000000000000000e+01   1.207819594160405741e+00   2.999637676003293407e+01
6.000000000000000000e+00   1.000000000000000000e+01   4.443319973356483210e-01   2.999866703362219411e+01
8.000000000000000000e+00   1.000000000000000000e+01   1.095709215250808138e-01   2.999967128903628577e+01
1.000000000000000000e+01   1.000000000000000000e+01   1.811195150951058416e-02   2.999994566419467645e+01
